 frequency       v(/u_vc)        v(/u_vc)        v(/u_d)         v(/u_d)         v(/p_i)         v(/p_i)         v(/p_o)         v(/p_o)        
 1.00000000e+01  2.43730640e-03  5.80470962e-02  2.43730640e-03  5.80470943e-02 -3.19209434e-01  1.49069443e-02 -5.97089010e-01  3.03343834e-02 
 1.01157945e+01  2.50049449e-03  5.87914312e-02  2.50049449e-03  5.87914292e-02 -3.27044620e-01  1.54684107e-02 -6.11741874e-01  3.14738465e-02 
 1.02329299e+01  2.56548227e-03  5.95471002e-02  2.56548227e-03  5.95470982e-02 -3.35082150e-01  1.60519847e-02 -6.26772997e-01  3.26579898e-02 
 1.03514217e+01  2.63232907e-03  6.03143412e-02  2.63232907e-03  6.03143392e-02 -3.43327748e-01  1.66585972e-02 -6.42193073e-01  3.38886837e-02 
 1.04712855e+01  2.70109658e-03  6.10933993e-02  2.70109658e-03  6.10933972e-02 -3.51787323e-01  1.72892221e-02 -6.58013139e-01  3.51678845e-02 
 1.05925373e+01  2.77184895e-03  6.18845271e-02  2.77184895e-03  6.18845250e-02 -3.60466979e-01  1.79448788e-02 -6.74244598e-01  3.64976385e-02 
 1.07151931e+01  2.84465294e-03  6.26879850e-02  2.84465294e-03  6.26879829e-02 -3.69373020e-01  1.86266343e-02 -6.90899227e-01  3.78800872e-02 
 1.08392691e+01  2.91957800e-03  6.35040417e-02  2.91957800e-03  6.35040396e-02 -3.78511963e-01  1.93356055e-02 -7.07989194e-01  3.93174719e-02 
 1.09647820e+01  2.99669646e-03  6.43329741e-02  2.99669645e-03  6.43329720e-02 -3.87890539e-01  2.00729625e-02 -7.25527074e-01  4.08121389e-02 
 1.10917482e+01  3.07608361e-03  6.51750682e-02  3.07608361e-03  6.51750661e-02 -3.97515709e-01  2.08399308e-02 -7.43525866e-01  4.23665454e-02 
 1.12201845e+01  3.15781792e-03  6.60306190e-02  3.15781792e-03  6.60306168e-02 -4.07394668e-01  2.16377947e-02 -7.61999008e-01  4.39832652e-02 
 1.13501082e+01  3.24198113e-03  6.68999311e-02  3.24198113e-03  6.68999289e-02 -4.17534857e-01  2.24679001e-02 -7.80960398e-01  4.56649949e-02 
 1.14815362e+01  3.32865846e-03  6.77833190e-02  3.32865846e-03  6.77833168e-02 -4.27943974e-01  2.33316583e-02 -8.00424411e-01  4.74145606e-02 
 1.16144861e+01  3.41793880e-03  6.86811078e-02  3.41793880e-03  6.86811056e-02 -4.38629983e-01  2.42305493e-02 -8.20405918e-01  4.92349252e-02 
 1.17489755e+01  3.50991485e-03  6.95936333e-02  3.50991485e-03  6.95936311e-02 -4.49601126e-01  2.51661258e-02 -8.40920308e-01  5.11291955e-02 
 1.18850223e+01  3.60468336e-03  7.05212427e-02  3.60468336e-03  7.05212404e-02 -4.60865934e-01  2.61400168e-02 -8.61983514e-01  5.31006305e-02 
 1.20226443e+01  3.70234533e-03  7.14642948e-02  3.70234533e-03  7.14642925e-02 -4.72433241e-01  2.71539327e-02 -8.83612027e-01  5.51526496e-02 
 1.21618600e+01  3.80300627e-03  7.24231610e-02  3.80300627e-03  7.24231586e-02 -4.84312196e-01  2.82096692e-02 -9.05822930e-01  5.72888419e-02 
 1.23026877e+01  3.90677637e-03  7.33982253e-02  3.90677637e-03  7.33982230e-02 -4.96512277e-01  2.93091123e-02 -9.28633916e-01  5.95129756e-02 
 1.24451461e+01  4.01377082e-03  7.43898855e-02  4.01377082e-03  7.43898831e-02 -5.09043303e-01  3.04542441e-02 -9.52063321e-01  6.18290085e-02 
 1.25892541e+01  4.12411008e-03  7.53985530e-02  4.12411008e-03  7.53985506e-02 -5.21915456e-01  3.16471474e-02 -9.76130147e-01  6.42410984e-02 
 1.27350308e+01  4.23792011e-03  7.64246543e-02  4.23792012e-03  7.64246519e-02 -5.35139288e-01  3.28900124e-02 -1.00085409e+00  6.67536153e-02 
 1.28824955e+01  4.35533278e-03  7.74686311e-02  4.35533278e-03  7.74686287e-02 -5.48725746e-01  3.41851427e-02 -1.02625560e+00  6.93711535e-02 
 1.30316678e+01  4.47648609e-03  7.85309412e-02  4.47648609e-03  7.85309387e-02 -5.62686184e-01  3.55349621e-02 -1.05235585e+00  7.20985448e-02 
 1.31825674e+01  4.60152461e-03  7.96120591e-02  4.60152461e-03  7.96120566e-02 -5.77032385e-01  3.69420219e-02 -1.07917684e+00  7.49408728e-02 
 1.33352143e+01  4.73059981e-03  8.07124771e-02  4.73059981e-03  8.07124745e-02 -5.91776582e-01  3.84090082e-02 -1.10674139e+00  7.79034879e-02 
 1.34896288e+01  4.86387049e-03  8.18327059e-02  4.86387049e-03  8.18327033e-02 -6.06931474e-01  3.99387510e-02 -1.13507322e+00  8.09920235e-02 
 1.36458314e+01  5.00150316e-03  8.29732755e-02  5.00150317e-03  8.29732729e-02 -6.22510253e-01  4.15342322e-02 -1.16419693e+00  8.42124133e-02 
 1.38038426e+01  5.14367258e-03  8.41347362e-02  5.14367258e-03  8.41347336e-02 -6.38526625e-01  4.31985955e-02 -1.19413811e+00  8.75709098e-02 
 1.39636836e+01  5.29056216e-03  8.53176597e-02  5.29056216e-03  8.53176571e-02 -6.54994837e-01  4.49351563e-02 -1.22492333e+00  9.10741041e-02 
 1.41253754e+01  5.44236455e-03  8.65226398e-02  5.44236455e-03  8.65226372e-02 -6.71929699e-01  4.67474131e-02 -1.25658022e+00  9.47289471e-02 
 1.42889396e+01  5.59928217e-03  8.77502938e-02  5.59928218e-03  8.77502912e-02 -6.89346617e-01  4.86390585e-02 -1.28913754e+00  9.85427725e-02 
 1.44543977e+01  5.76152784e-03  8.90012637e-02  5.76152785e-03  8.90012610e-02 -7.07261621e-01  5.06139920e-02 -1.32262518e+00  1.02523321e-01 
 1.46217717e+01  5.92932540e-03  9.02762171e-02  5.92932541e-03  9.02762144e-02 -7.25691392e-01  5.26763338e-02 -1.35707426e+00  1.06678767e-01 
 1.47910839e+01  6.10291042e-03  9.15758491e-02  6.10291043e-03  9.15758463e-02 -7.44653300e-01  5.48304388e-02 -1.39251718e+00  1.11017747e-01 
 1.49623566e+01  6.28253094e-03  9.29008830e-02  6.28253095e-03  9.29008802e-02 -7.64165439e-01  5.70809125e-02 -1.42898769e+00  1.15549387e-01 
 1.51356125e+01  6.46844827e-03  9.42520723e-02  6.46844828e-03  9.42520696e-02 -7.84246661e-01  5.94326278e-02 -1.46652096e+00  1.20283342e-01 
 1.53108746e+01  6.66093786e-03  9.56302023e-02  6.66093787e-03  9.56301995e-02 -8.04916619e-01  6.18907429e-02 -1.50515362e+00  1.25229824e-01 
 1.54881662e+01  6.86029024e-03  9.70360914e-02  6.86029025e-03  9.70360886e-02 -8.26195807e-01  6.44607210e-02 -1.54492390e+00  1.30399643e-01 
 1.56675107e+01  7.06681197e-03  9.84705930e-02  7.06681198e-03  9.84705902e-02 -8.48105605e-01  6.71483513e-02 -1.58587166e+00  1.35804249e-01 
 1.58489319e+01  7.28082679e-03  9.99345978e-02  7.28082681e-03  9.99345949e-02 -8.70668328e-01  6.99597717e-02 -1.62803851e+00  1.41455776e-01 
 1.60324539e+01  7.50267674e-03  1.01429035e-01  7.50267675e-03  1.01429032e-01 -8.93907277e-01  7.29014936e-02 -1.67146789e+00  1.47367087e-01 
 1.62181010e+01  7.73272340e-03  1.02954876e-01  7.73272342e-03  1.02954873e-01 -9.17846791e-01  7.59804285e-02 -1.71620517e+00  1.53551828e-01 
 1.64058977e+01  7.97134930e-03  1.04513134e-01  7.97134932e-03  1.04513131e-01 -9.42512306e-01  7.92039165e-02 -1.76229777e+00  1.60024485e-01 
 1.65958691e+01  8.21895935e-03  1.06104869e-01  8.21895937e-03  1.06104866e-01 -9.67930418e-01  8.25797579e-02 -1.80979526e+00  1.66800443e-01 
 1.67880402e+01  8.47598246e-03  1.07731191e-01  8.47598248e-03  1.07731188e-01 -9.94128947e-01  8.61162469e-02 -1.85874949e+00  1.73896049e-01 
 1.69824365e+01  8.74287321e-03  1.09393258e-01  8.74287323e-03  1.09393255e-01 -1.02113701e+00  8.98222085e-02 -1.90921470e+00  1.81328690e-01 
 1.71790839e+01  9.02011379e-03  1.11092285e-01  9.02011381e-03  1.11092282e-01 -1.04898508e+00  9.37070384e-02 -1.96124771e+00  1.89116865e-01 
 1.73780083e+01  9.30821597e-03  1.12829544e-01  9.30821600e-03  1.12829541e-01 -1.07770510e+00  9.77807465e-02 -2.01490802e+00  1.97280269e-01 
 1.75792361e+01  9.60772336e-03  1.14606366e-01  9.60772339e-03  1.14606363e-01 -1.10733055e+00  1.02054004e-01 -2.07025798e+00  2.05839889e-01 
 1.77827941e+01  9.91921374e-03  1.16424150e-01  9.91921377e-03  1.16424147e-01 -1.13789652e+00  1.06538196e-01 -2.12736298e+00  2.14818099e-01 
 1.79887092e+01  1.02433017e-02  1.18284359e-01  1.02433018e-02  1.18284356e-01 -1.16943983e+00  1.11245475e-01 -2.18629161e+00  2.24238772e-01 
 1.81970086e+01  1.05806416e-02  1.20188533e-01  1.05806417e-02  1.20188530e-01 -1.20199916e+00  1.16188827e-01 -2.24711589e+00  2.34127394e-01 
 1.84077200e+01  1.09319305e-02  1.22138287e-01  1.09319305e-02  1.22138284e-01 -1.23561510e+00  1.21382134e-01 -2.30991143e+00  2.44511202e-01 
 1.86208714e+01  1.12979114e-02  1.24135317e-01  1.12979115e-02  1.24135314e-01 -1.27033034e+00  1.26840249e-01 -2.37475771e+00  2.55419316e-01 
 1.88364909e+01  1.16793777e-02  1.26181409e-01  1.16793777e-02  1.26181405e-01 -1.30618977e+00  1.32579079e-01 -2.44173827e+00  2.66882900e-01 
 1.90546072e+01  1.20771761e-02  1.28278438e-01  1.20771761e-02  1.28278435e-01 -1.34324059e+00  1.38615668e-01 -2.51094105e+00  2.78935333e-01 
 1.92752491e+01  1.24922120e-02  1.30428381e-01  1.24922121e-02  1.30428378e-01 -1.38153254e+00  1.44968300e-01 -2.58245857e+00  2.91612389e-01 
 1.94984460e+01  1.29254542e-02  1.32633319e-01  1.29254542e-02  1.32633315e-01 -1.42111799e+00  1.51656599e-01 -2.65638835e+00  3.04952450e-01 
 1.97242274e+01  1.33779396e-02  1.34895444e-01  1.33779397e-02  1.34895441e-01 -1.46205217e+00  1.58701653e-01 -2.73283312e+00  3.18996726e-01 
 1.99526231e+01  1.38507801e-02  1.37217071e-01  1.38507802e-02  1.37217068e-01 -1.50439333e+00  1.66126138e-01 -2.81190127e+00  3.33789505e-01 
 2.01836636e+01  1.43451682e-02  1.39600640e-01  1.43451683e-02  1.39600636e-01 -1.54820294e+00  1.73954459e-01 -2.89370719e+00  3.49378427e-01 
 2.04173794e+01  1.48623847e-02  1.42048727e-01  1.48623848e-02  1.42048724e-01 -1.59354596e+00  1.82212916e-01 -2.97837169e+00  3.65814784e-01 
 2.06538016e+01  1.54038063e-02  1.44564058e-01  1.54038064e-02  1.44564054e-01 -1.64049105e+00  1.90929867e-01 -3.06602245e+00  3.83153858e-01 
 2.08929613e+01  1.59709145e-02  1.47149511e-01  1.59709146e-02  1.47149507e-01 -1.68911081e+00  2.00135927e-01 -3.15679450e+00  4.01455287e-01 
 2.11348904e+01  1.65653050e-02  1.49808134e-01  1.65653051e-02  1.49808131e-01 -1.73948212e+00  2.09864183e-01 -3.25083078e+00  4.20783476e-01 
 2.13796209e+01  1.71886989e-02  1.52543154e-01  1.71886990e-02  1.52543151e-01 -1.79168641e+00  2.20150425e-01 -3.34828264e+00  4.41208054e-01 
 2.16271852e+01  1.78429538e-02  1.55357992e-01  1.78429539e-02  1.55357988e-01 -1.84581002e+00  2.31033415e-01 -3.44931055e+00  4.62804375e-01 
 2.18776162e+01  1.85300779e-02  1.58256272e-01  1.85300780e-02  1.58256269e-01 -1.90194452e+00  2.42555180e-01 -3.55408470e+00  4.85654086e-01 
 2.21309471e+01  1.92522440e-02  1.61241846e-01  1.92522441e-02  1.61241842e-01 -1.96018718e+00  2.54761338e-01 -3.66278578e+00  5.09845752e-01 
 2.23872114e+01  2.00118060e-02  1.64318800e-01  2.00118061e-02  1.64318796e-01 -2.02064133e+00  2.67701467e-01 -3.77560577e+00  5.35475558e-01 
 2.26464431e+01  2.08113177e-02  1.67491479e-01  2.08113178e-02  1.67491476e-01 -2.08341690e+00  2.81429515e-01 -3.89274879e+00  5.62648092e-01 
 2.29086765e+01  2.16535528e-02  1.70764508e-01  2.16535529e-02  1.70764505e-01 -2.14863087e+00  2.96004257e-01 -4.01443209e+00  5.91477228e-01 
 2.31739465e+01  2.25415279e-02  1.74142807e-01  2.25415280e-02  1.74142804e-01 -2.21640790e+00  3.11489814e-01 -4.14088703e+00  6.22087108e-01 
 2.34422882e+01  2.34785285e-02  1.77631622e-01  2.34785287e-02  1.77631619e-01 -2.28688087e+00  3.27956236e-01 -4.27236029e+00  6.54613255e-01 
 2.37137371e+01  2.44681381e-02  1.81236545e-01  2.44681382e-02  1.81236541e-01 -2.36019163e+00  3.45480153e-01 -4.40911504e+00  6.89203820e-01 
 2.39883292e+01  2.55142703e-02  1.84963546e-01  2.55142705e-02  1.84963543e-01 -2.43649169e+00  3.64145516e-01 -4.55143236e+00  7.26020995e-01 
 2.42661010e+01  2.66212064e-02  1.88819003e-01  2.66212066e-02  1.88819000e-01 -2.51594304e+00  3.84044437e-01 -4.69961266e+00  7.65242608e-01 
 2.45470892e+01  2.77936369e-02  1.92809736e-01  2.77936371e-02  1.92809732e-01 -2.59871906e+00  4.05278133e-01 -4.85397737e+00  8.07063930e-01 
 2.48313311e+01  2.90367086e-02  1.96943042e-01  2.90367088e-02  1.96943038e-01 -2.68500544e+00  4.27958008e-01 -5.01487072e+00  8.51699728e-01 
 2.51188643e+01  3.03560788e-02  2.01226738e-01  3.03560791e-02  2.01226735e-01 -2.77500132e+00  4.52206879e-01 -5.18266166e+00  8.99386601e-01 
 2.54097271e+01  3.17579763e-02  2.05669205e-01  3.17579765e-02  2.05669202e-01 -2.86892042e+00  4.78160377e-01 -5.35774608e+00  9.50385643e-01 
 2.57039578e+01  3.32492711e-02  2.10279436e-01  3.32492714e-02  2.10279433e-01 -2.96699234e+00  5.05968548e-01 -5.54054912e+00  1.00498549e+00 
 2.60015956e+01  3.48375550e-02  2.15067089e-01  3.48375553e-02  2.15067086e-01 -3.06946399e+00  5.35797688e-01 -5.73152784e+00  1.06350579e+00 
 2.63026799e+01  3.65312321e-02  2.20042545e-01  3.65312325e-02  2.20042542e-01 -3.17660116e+00  5.67832453e-01 -5.93117401e+00  1.12630125e+00 
 2.66072506e+01  3.83396254e-02  2.25216975e-01  3.83396257e-02  2.25216972e-01 -3.28869024e+00  6.02278289e-01 -6.14001734e+00  1.19376618e+00 
 2.69153480e+01  4.02730968e-02  2.30602406e-01  4.02730972e-02  2.30602403e-01 -3.40604012e+00  6.39364234e-01 -6.35862886e+00  1.26633988e+00 
 2.72270131e+01  4.23431882e-02  2.36211800e-01  4.23431886e-02  2.36211797e-01 -3.52898427e+00  6.79346168e-01 -6.58762478e+00  1.34451274e+00 
 2.75422870e+01  4.45627832e-02  2.42059136e-01  4.45627836e-02  2.42059133e-01 -3.65788304e+00  7.22510582e-01 -6.82767062e+00  1.42883341e+00 
 2.78612117e+01  4.69462955e-02  2.48159501e-01  4.69462960e-02  2.48159498e-01 -3.79312614e+00  7.69178964e-01 -7.07948579e+00  1.51991710e+00 
 2.81838293e+01  4.95098887e-02  2.54529189e-01  4.95098893e-02  2.54529186e-01 -3.93513547e+00  8.19712923e-01 -7.34384859e+00  1.61845526e+00 
 2.85101827e+01  5.22717321e-02  2.61185810e-01  5.22717327e-02  2.61185807e-01 -4.08436804e+00  8.74520185e-01 -7.62160161e+00  1.72522693e+00 
 2.88403150e+01  5.52523008e-02  2.68148396e-01  5.52523015e-02  2.68148394e-01 -4.24131933e+00  9.34061632e-01 -7.91365768e+00  1.84111201e+00 
 2.91742701e+01  5.84747287e-02  2.75437535e-01  5.84747294e-02  2.75437532e-01 -4.40652676e+00  9.98859602e-01 -8.22100620e+00  1.96710698e+00 
 2.95120923e+01  6.19652235e-02  2.83075487e-01  6.19652242e-02  2.83075484e-01 -4.58057357e+00  1.06950768e+00 -8.54471998e+00  2.10434332e+00 
 2.98538262e+01  6.57535580e-02  2.91086326e-01  6.57535588e-02  2.91086324e-01 -4.76409284e+00  1.14668234e+00 -8.88596243e+00  2.25410947e+00 
 3.01995172e+01  6.98736529e-02  2.99496074e-01  6.98736538e-02  2.99496071e-01 -4.95777179e+00  1.23115671e+00 -9.24599517e+00  2.41787682e+00 
 3.05492111e+01  7.43642691e-02  3.08332829e-01  7.43642701e-02  3.08332826e-01 -5.16235619e+00  1.32381712e+00 -9.62618569e+00  2.59733078e+00 
 3.09029543e+01  7.92698356e-02  3.17626896e-01  7.92698367e-02  3.17626894e-01 -5.37865476e+00  1.42568279e+00 -1.00280150e+01  2.79440786e+00 
 3.12607937e+01  8.46414391e-02  3.27410891e-01  8.46414402e-02  3.27410889e-01 -5.60754347e+00  1.53792957e+00 -1.04530848e+01  3.01134027e+00 
 3.16227766e+01  9.05380141e-02  3.37719809e-01  9.05380153e-02  3.37719807e-01 -5.84996928e+00  1.66191848e+00 -1.09031236e+01  3.25070956e+00 
 3.19889511e+01  9.70277762e-02  3.48591042e-01  9.70277776e-02  3.48591040e-01 -6.10695304e+00  1.79923029e+00 -1.13799909e+01  3.51551147e+00 
 3.23593657e+01  1.04189955e-01  3.60064311e-01  1.04189956e-01  3.60064310e-01 -6.37959075e+00  1.95170742e+00 -1.18856784e+01  3.80923446e+00 
 3.27340695e+01  1.12116890e-01  3.72181462e-01  1.12116892e-01  3.72181461e-01 -6.66905236e+00  2.12150489e+00 -1.24223056e+01  4.13595518e+00 
 3.31131121e+01  1.20916587e-01  3.84986067e-01  1.20916589e-01  3.84986066e-01 -6.97657649e+00  2.31115256e+00 -1.29921082e+01  4.50045487e+00 
 3.34965439e+01  1.30715812e-01  3.98522734e-01  1.30715814e-01  3.98522733e-01 -7.30345923e+00  2.52363112e+00 -1.35974144e+01  4.90836133e+00 
 3.38844156e+01  1.41663877e-01  4.12835995e-01  1.41663879e-01  4.12835994e-01 -7.65103374e+00  2.76246520e+00 -1.42406037e+01  5.36632277e+00 
 3.42767787e+01  1.53937244e-01  4.27968570e-01  1.53937247e-01  4.27968570e-01 -8.02063641e+00  3.03183747e+00 -1.49240394e+01  5.88222034e+00 
 3.46736850e+01  1.67745130e-01  4.43958737e-01  1.67745132e-01  4.43958737e-01 -8.41355303e+00  3.33672839e+00 -1.56499631e+01  6.46542823e+00 
 3.50751874e+01  1.83336303e-01  4.60836396e-01  1.83336306e-01  4.60836397e-01 -8.83093567e+00  3.68308697e+00 -1.64203336e+01  7.12713080e+00 
 3.54813389e+01  2.01007278e-01  4.78617255e-01  2.01007282e-01  4.78617256e-01 -9.27367653e+00  4.07803846e+00 -1.72365831e+01  7.88070740e+00 
 3.58921935e+01  2.21112079e-01  4.97294296e-01  2.21112083e-01  4.97294298e-01 -9.74221899e+00  4.53013454e+00 -1.80992551e+01  8.74219487e+00 
 3.63078055e+01  2.44073653e-01  5.16825331e-01  2.44073658e-01  5.16825333e-01 -1.02362771e+01  5.04965033e+00 -1.90074686e+01  9.73083454e+00 
 3.67282300e+01  2.70396826e-01  5.37114933e-01  2.70396831e-01  5.37114935e-01 -1.07544222e+01  5.64892786e+00 -1.99581322e+01  1.08697018e+01 
 3.71535229e+01  3.00682179e-01  5.57988362e-01  3.00682185e-01  5.57988365e-01 -1.12934778e+01  6.34275608e+00 -2.09447979e+01  1.21863979e+01 
 3.75837404e+01  3.35639415e-01  5.79154178e-01  3.35639422e-01  5.79154182e-01 -1.18476409e+01  7.14875770e+00 -2.19560013e+01  1.37137449e+01 
 3.80189396e+01  3.76097093e-01  6.00151181e-01  3.76097101e-01  6.00151186e-01 -1.24072190e+01  8.08771574e+00 -2.29728845e+01  1.54903556e+01 
 3.84591782e+01  4.23002767e-01  6.20274284e-01  4.23002776e-01  6.20274289e-01 -1.29568420e+01  9.18370493e+00 -2.39658418e+01  1.75608191e+01 
 3.89045145e+01  4.77402666e-01  6.38473502e-01  4.77402676e-01  6.38473507e-01 -1.34729909e+01  1.04637760e+01 -2.48898997e+01  1.99750264e+01 
 3.93550075e+01  5.40382297e-01  6.53221932e-01  5.40382309e-01  6.53221938e-01 -1.39207102e+01  1.19567512e+01 -2.56785982e+01  2.27858034e+01 
 3.98107171e+01  6.12938082e-01  6.62355293e-01  6.12938096e-01  6.62355299e-01 -1.42495158e+01  1.36904047e+01 -2.62364185e+01  2.60434909e+01 
 4.02717034e+01  6.95736600e-01  6.62902863e-01  6.95736616e-01  6.62902869e-01 -1.43889009e+01  1.56859476e+01 -2.64305485e+01  2.97854602e+01 
 4.07380278e+01  7.88708797e-01  6.50965639e-01  7.88708816e-01  6.50965646e-01 -1.42446962e+01  1.79484496e+01 -2.60843843e+01  3.40180457e+01 
 4.12097519e+01  8.90439997e-01  6.21759466e-01  8.90440019e-01  6.21759472e-01 -1.36990559e+01  2.04520507e+01 -2.49780023e+01  3.86888374e+01 
 4.16869383e+01  9.97389741e-01  5.70020873e-01  9.97389766e-01  5.70020879e-01 -1.26189003e+01  2.31204411e+01 -2.28646313e+01  4.36503917e+01 
 4.21696503e+01  1.10315444e+00  4.91016936e-01  1.10315447e+00  4.91016940e-01 -1.08790011e+01  2.58073301e+01 -1.95145615e+01  4.86244147e+01 
 4.26579519e+01  1.19826632e+00  3.82273771e-01  1.19826635e+00  3.82273772e-01 -8.40332897e+00  2.82886109e+01 -1.47928757e+01  5.31884708e+01 
 4.31519077e+01  1.27122061e+00  2.45680926e-01  1.27122064e+00  2.45680923e-01 -5.21758978e+00  3.02835026e+01 -8.75716904e+00  5.68173592e+01 
 4.36515832e+01  1.31112129e+00  8.89189986e-02  1.31112132e+00  8.89189917e-02 -1.48823206e+00  3.15159040e+01 -1.72857122e+00  5.89993757e+01 
 4.41570447e+01  1.31126100e+00 -7.51607173e-02  1.31126104e+00 -7.51607287e-02  2.48633276e+00  3.18018204e+01  5.72764002e+00  5.93998175e+01 
 4.46683592e+01  1.27175453e+00 -2.31661329e-01  1.27175457e+00 -2.31661345e-01  6.34656422e+00  3.11182858e+01  1.29370671e+01  5.79877350e+01 
 4.51855944e+01  1.19947194e+00 -3.67885413e-01  1.19947197e+00 -3.67885433e-01  9.77430734e+00  2.96090837e+01  1.93084536e+01  5.50432059e+01 
 4.57088190e+01  1.10532560e+00 -4.76359907e-01  1.10532563e+00 -4.76359931e-01  1.25704454e+01  2.75245314e+01  2.44771490e+01  5.10419076e+01 
 4.62381021e+01  1.00071360e+00 -5.55346561e-01  1.00071363e+00 -5.55346588e-01  1.46733570e+01  2.51365690e+01  2.83368372e+01  4.64954099e+01 
 4.67735141e+01  8.94953197e-01 -6.07368866e-01  8.94953224e-01 -6.07368894e-01  1.61278166e+01  2.26743059e+01  3.09791038e+01  4.18314619e+01 
 4.73151259e+01  7.94320806e-01 -6.37126068e-01  7.94320831e-01 -6.37126098e-01  1.70363352e+01  2.02972587e+01  3.26013698e+01  3.73454855e+01 
 4.78630092e+01  7.02280513e-01 -6.49806948e-01  7.02280535e-01 -6.49806979e-01  1.75180905e+01  1.80979514e+01  3.34300319e+01  3.32068269e+01 
 4.84172368e+01  6.20218490e-01 -6.50115099e-01  6.20218510e-01 -6.50115131e-01  1.76841463e+01  1.61179465e+01  3.36745728e+01  2.94896249e+01 
 4.89778819e+01  5.48208024e-01 -6.41881862e-01  5.48208042e-01 -6.41881894e-01  1.76267941e+01  1.43656305e+01  3.35081890e+01  2.62064911e+01 
 4.95450191e+01  4.85604239e-01 -6.28028943e-01  4.85604255e-01 -6.28028975e-01  1.74176237e+01  1.28304949e+01  3.30646565e+01  2.33353316e+01 
 5.01187234e+01  4.31438966e-01 -6.10689001e-01  4.31438981e-01 -6.10689033e-01  1.71097505e+01  1.14928698e+01  3.24428297e+01  2.08375086e+01 
 5.06990708e+01  3.84655100e-01 -5.91370900e-01  3.84655114e-01 -5.91370932e-01  1.67413960e+01  1.03298624e+01  3.17135505e+01  1.86688460e+01 
 5.12861384e+01  3.44231864e-01 -5.71116148e-01  3.44231876e-01 -5.71116179e-01  1.63394456e+01  9.31864877e+00  3.09264239e+01  1.67856779e+01 
 5.18800039e+01  3.09243102e-01 -5.50627590e-01  3.09243113e-01 -5.50627622e-01  1.59224523e+01  8.43810237e+00  3.01155002e+01  1.51477985e+01 
 5.24807460e+01  2.78877557e-01 -5.30367981e-01  2.78877567e-01 -5.30368012e-01  1.55029789e+01  7.66945349e+00  2.93036861e+01  1.37196189e+01 
 5.30884444e+01  2.52439160e-01 -5.10632435e-01  2.52439170e-01 -5.10632466e-01  1.50893455e+01  6.99642142e+00  2.85060230e+01  1.24703559e+01 
 5.37031796e+01  2.29337886e-01 -4.91600402e-01  2.29337895e-01 -4.91600434e-01  1.46868989e+01  6.40508354e+00  2.77320607e+01  1.13737446e+01 
 5.43250331e+01  2.09076979e-01 -4.73372378e-01  2.09076988e-01 -4.73372409e-01  1.42989203e+01  5.88363073e+00  2.69875500e+01  1.04075488e+01 
 5.49540874e+01  1.91239594e-01 -4.55995578e-01  1.91239602e-01 -4.55995609e-01  1.39272678e+01  5.42208939e+00  2.62756368e+01  9.55301954e+00 
 5.55904257e+01  1.75476284e-01 -4.39481784e-01  1.75476291e-01 -4.39481814e-01  1.35728281e+01  5.01205046e+00  2.55977000e+01  8.79437159e+00 
 5.62341325e+01  1.61493931e-01 -4.23819679e-01  1.61493938e-01 -4.23819709e-01  1.32358336e+01  4.64642382e+00  2.49539365e+01  8.11831281e+00 
 5.68852931e+01  1.49046266e-01 -4.08983337e-01  1.49046273e-01 -4.08983367e-01  1.29160833e+01  4.31922409e+00  2.43437685e+01  7.51363546e+00 
 5.75439937e+01  1.37925884e-01 -3.94938039e-01  1.37925890e-01 -3.94938070e-01  1.26130969e+01  4.02538826e+00  2.37661262e+01  6.97086930e+00 
 5.82103218e+01  1.27957617e-01 -3.81644225e-01  1.27957623e-01 -3.81644255e-01  1.23262216e+01  3.76062252e+00  2.32196421e+01  6.48199106e+00 
 5.88843655e+01  1.18993054e-01 -3.69060154e-01  1.18993060e-01 -3.69060184e-01  1.20547061e+01  3.52127476e+00  2.27027857e+01  6.04018301e+00 
 5.95662144e+01  1.10906033e-01 -3.57143679e-01  1.10906038e-01 -3.57143710e-01  1.17977505e+01  3.30422882e+00  2.22139535e+01  5.63963321e+00 
 6.02559586e+01  1.03588932e-01 -3.45853394e-01  1.03588937e-01 -3.45853424e-01  1.15545410e+01  3.10681709e+00  2.17515310e+01  5.27537059e+00 
 6.09536897e+01  9.69496294e-02 -3.35149357e-01  9.69496340e-02 -3.35149387e-01  1.13242722e+01  2.92674832e+00  2.13139323e+01  4.94312888e+00 
 6.16595002e+01  9.09089890e-02 -3.24993521e-01  9.09089934e-02 -3.24993551e-01  1.11061620e+01  2.76204784e+00  2.08996256e+01  4.63923421e+00 
 6.23734835e+01  8.53987995e-02 -3.15349967e-01  8.53988038e-02 -3.15349997e-01  1.08994609e+01  2.61100814e+00  2.05071490e+01  4.36051211e+00 
 6.30957344e+01  8.03600646e-02 -3.06184996e-01  8.03600687e-02 -3.06185027e-01  1.07034570e+01  2.47214782e+00  2.01351187e+01  4.10421055e+00 
 6.38263486e+01  7.57415885e-02 -2.97467140e-01  7.57415924e-02 -2.97467170e-01  1.05174785e+01  2.34417754e+00  1.97822330e+01  3.86793587e+00 
 6.45654229e+01  7.14988003e-02 -2.89167104e-01  7.14988041e-02 -2.89167134e-01  1.03408949e+01  2.22597147e+00  1.94472725e+01  3.64959950e+00 
 6.53130553e+01  6.75927751e-02 -2.81257682e-01  6.75927787e-02 -2.81257713e-01  1.01731162e+01  2.11654363e+00  1.91290984e+01  3.44737338e+00 
 6.60693448e+01  6.39894141e-02 -2.73713648e-01  6.39894176e-02 -2.73713679e-01  1.00135919e+01  2.01502783e+00  1.88266500e+01  3.25965267e+00 
 6.68343918e+01  6.06587584e-02 -2.66511631e-01  6.06587618e-02 -2.66511662e-01  9.86180901e+00  1.92066097e+00  1.85389407e+01  3.08502438e+00 
 6.76082975e+01  5.75744107e-02 -2.59629996e-01  5.75744140e-02 -2.59630027e-01  9.71729033e+00  1.83276887e+00  1.82650534e+01  2.92224084e+00 
 6.83911647e+01  5.47130476e-02 -2.53048716e-01  5.47130507e-02 -2.53048747e-01  9.57959216e+00  1.75075425e+00  1.80041366e+01  2.77019743e+00 
 6.91830971e+01  5.20540065e-02 -2.46749255e-01  5.20540095e-02 -2.46749286e-01  9.44830213e+00  1.67408660e+00  1.77553998e+01  2.62791352e+00 
 6.99841996e+01  4.95789349e-02 -2.40714451e-01  4.95789378e-02 -2.40714482e-01  9.32303709e+00  1.60229352e+00  1.75181090e+01  2.49451635e+00 
 7.07945784e+01  4.72714913e-02 -2.34928409e-01  4.72714942e-02 -2.34928440e-01  9.20344097e+00  1.53495330e+00  1.72915829e+01  2.36922723e+00 
 7.16143410e+01  4.51170903e-02 -2.29376401e-01  4.51170930e-02 -2.29376433e-01  9.08918282e+00  1.47168859e+00  1.70751885e+01  2.25134975e+00 
 7.24435960e+01  4.31026830e-02 -2.24044772e-01  4.31026857e-02 -2.24044803e-01  8.97995488e+00  1.41216098e+00  1.68683376e+01  2.14025965e+00 
 7.32824533e+01  4.12165697e-02 -2.18920850e-01  4.12165722e-02 -2.18920881e-01  8.87547089e+00  1.35606628e+00  1.66704836e+01  2.03539607e+00 
 7.41310241e+01  3.94482369e-02 -2.13992871e-01  3.94482394e-02 -2.13992902e-01  8.77546438e+00  1.30313050e+00  1.64811178e+01  1.93625404e+00 
 7.49894209e+01  3.77882180e-02 -2.09249903e-01  3.77882204e-02 -2.09249935e-01  8.67968718e+00  1.25310633e+00  1.62997667e+01  1.84237799e+00 
 7.58577575e+01  3.62279716e-02 -2.04681779e-01  3.62279740e-02 -2.04681812e-01  8.58790796e+00  1.20577011e+00  1.61259892e+01  1.75335602e+00 
 7.67361489e+01  3.47597759e-02 -2.00279038e-01  3.47597782e-02 -2.00279071e-01  8.49991102e+00  1.16091915e+00  1.59593743e+01  1.66881507e+00 
 7.76247117e+01  3.33766371e-02 -1.96032864e-01  3.33766394e-02 -1.96032897e-01  8.41549501e+00  1.11836945e+00  1.57995382e+01  1.58841654e+00 
 7.85235635e+01  3.20722092e-02 -1.91935038e-01  3.20722114e-02 -1.91935071e-01  8.33447184e+00  1.07795365e+00  1.56461228e+01  1.51185262e+00 
 7.94328235e+01  3.08407238e-02 -1.87977892e-01  3.08407259e-02 -1.87977925e-01  8.25666570e+00  1.03951929e+00  1.54987933e+01  1.43884293e+00 
 8.03526122e+01  2.96769284e-02 -1.84154261e-01  2.96769305e-02 -1.84154294e-01  8.18191213e+00  1.00292722e+00  1.53572366e+01  1.36913168e+00 
 8.12830516e+01  2.85760330e-02 -1.80457449e-01  2.85760351e-02 -1.80457483e-01  8.11005712e+00  9.68050252e-01  1.52211599e+01  1.30248511e+00 
 8.22242650e+01  2.75336617e-02 -1.76881193e-01  2.75336637e-02 -1.76881226e-01  8.04095637e+00  9.34771922e-01  1.50902885e+01  1.23868923e+00 
 8.31763771e+01  2.65458111e-02 -1.73419624e-01  2.65458130e-02 -1.73419658e-01  7.97447457e+00  9.02985448e-01  1.49643652e+01  1.17754789e+00 
 8.41395142e+01  2.56088129e-02 -1.70067246e-01  2.56088148e-02 -1.70067280e-01  7.91048471e+00  8.72592767e-01  1.48431484e+01  1.11888097e+00 
 8.51138038e+01  2.47193014e-02 -1.66818901e-01  2.47193032e-02 -1.66818935e-01  7.84886752e+00  8.43503694e-01  1.47264114e+01  1.06252285e+00 
 8.60993752e+01  2.38741834e-02 -1.63669747e-01  2.38741852e-02 -1.63669782e-01  7.78951086e+00  8.15635173e-01  1.46139411e+01  1.00832102e+00 
 8.70963590e+01  2.30706133e-02 -1.60615236e-01  2.30706150e-02 -1.60615271e-01  7.73230927e+00  7.88910611e-01  1.45055371e+01  9.56134845e-01 
 8.81048873e+01  2.23059687e-02 -1.57651092e-01  2.23059705e-02 -1.57651127e-01  7.67716344e+00  7.63259280e-01  1.44010105e+01  9.05834463e-01 
 8.91250938e+01  2.15778309e-02 -1.54773288e-01  2.15778325e-02 -1.54773324e-01  7.62397983e+00  7.38615785e-01  1.43001838e+01  8.57299803e-01 
 9.01571138e+01  2.08839652e-02 -1.51978035e-01  2.08839668e-02 -1.51978071e-01  7.57267022e+00  7.14919587e-01  1.42028894e+01  8.10419700e-01 
 9.12010839e+01  2.02223052e-02 -1.49261761e-01  2.02223068e-02 -1.49261797e-01  7.52315141e+00  6.92114572e-01  1.41089691e+01  7.65091109e-01 
 9.22571427e+01  1.95909377e-02 -1.46621095e-01  1.95909393e-02 -1.46621132e-01  7.47534480e+00  6.70148670e-01  1.40182737e+01  7.21218392e-01 
 9.33254301e+01  1.89880891e-02 -1.44052858e-01  1.89880906e-02 -1.44052895e-01  7.42917616e+00  6.48973506e-01  1.39306621e+01  6.78712680e-01 
 9.44060876e+01  1.84121134e-02 -1.41554045e-01  1.84121149e-02 -1.41554082e-01  7.38457529e+00  6.28544085e-01  1.38460011e+01  6.37491295e-01 
 9.54992586e+01  1.78614816e-02 -1.39121817e-01  1.78614830e-02 -1.39121854e-01  7.34147578e+00  6.08818516e-01  1.37641645e+01  5.97477233e-01 
 9.66050879e+01  1.73347717e-02 -1.36753487e-01  1.73347732e-02 -1.36753525e-01  7.29981472e+00  5.89757751e-01  1.36850327e+01  5.58598690e-01 
 9.77237221e+01  1.68306601e-02 -1.34446514e-01  1.68306615e-02 -1.34446552e-01  7.25953256e+00  5.71325357e-01  1.36084927e+01  5.20788643e-01 
 9.88553095e+01  1.63479130e-02 -1.32198489e-01  1.63479144e-02 -1.32198527e-01  7.22057281e+00  5.53487306e-01  1.35344371e+01  4.83984459e-01 
 1.00000000e+02  1.58853799e-02 -1.30007129e-01  1.58853812e-02 -1.30007168e-01  7.18288190e+00  5.36211786e-01  1.34627641e+01  4.48127547e-01 
 1.01157945e+02  1.54419864e-02 -1.27870270e-01  1.54419877e-02 -1.27870309e-01  7.14640897e+00  5.19469025e-01  1.33933771e+01  4.13163039e-01 
 1.02329299e+02  1.50167285e-02 -1.25785858e-01  1.50167298e-02 -1.25785897e-01  7.11110571e+00  5.03231138e-01  1.33261842e+01  3.79039505e-01 
 1.03514217e+02  1.46086673e-02 -1.23751941e-01  1.46086686e-02 -1.23751981e-01  7.07692624e+00  4.87471978e-01  1.32610983e+01  3.45708684e-01 
 1.04712855e+02  1.42169235e-02 -1.21766666e-01  1.42169248e-02 -1.21766706e-01  7.04382691e+00  4.72167012e-01  1.31980363e+01  3.13125246e-01 
 1.05925373e+02  1.38406735e-02 -1.19828271e-01  1.38406747e-02 -1.19828312e-01  7.01176619e+00  4.57293197e-01  1.31369193e+01  2.81246571e-01 
 1.07151931e+02  1.34791447e-02 -1.17935079e-01  1.34791458e-02 -1.17935120e-01  6.98070455e+00  4.42828869e-01  1.30776720e+01  2.50032553e-01 
 1.08392691e+02  1.31316121e-02 -1.16085494e-01  1.31316132e-02 -1.16085535e-01  6.95060435e+00  4.28753649e-01  1.30202228e+01  2.19445408e-01 
 1.09647820e+02  1.27973947e-02 -1.14277996e-01  1.27973958e-02 -1.14278038e-01  6.92142969e+00  4.15048346e-01  1.29645033e+01  1.89449514e-01 
 1.10917482e+02  1.24758525e-02 -1.12511137e-01  1.24758536e-02 -1.12511179e-01  6.89314639e+00  4.01694875e-01  1.29104486e+01  1.60011249e-01 
 1.12201845e+02  1.21663833e-02 -1.10783536e-01  1.21663843e-02 -1.10783579e-01  6.86572179e+00  3.88676180e-01  1.28579962e+01  1.31098857e-01 
 1.13501082e+02  1.18684200e-02 -1.09093877e-01  1.18684211e-02 -1.09093920e-01  6.83912477e+00  3.75976160e-01  1.28070870e+01  1.02682308e-01 
 1.14815362e+02  1.15814288e-02 -1.07440900e-01  1.15814297e-02 -1.07440944e-01  6.81332556e+00  3.63579607e-01  1.27576641e+01  7.47331889e-02 
 1.16144861e+02  1.13049059e-02 -1.05823407e-01  1.13049068e-02 -1.05823451e-01  6.78829577e+00  3.51472146e-01  1.27096733e+01  4.72245821e-02 
 1.17489755e+02  1.10383764e-02 -1.04240250e-01  1.10383773e-02 -1.04240294e-01  6.76400823e+00  3.39640175e-01  1.26630628e+01  2.01309713e-02 
 1.18850223e+02  1.07813918e-02 -1.02690332e-01  1.07813926e-02 -1.02690376e-01  6.74043699e+00  3.28070818e-01  1.26177830e+01 -6.57185616e-03 
 1.20226443e+02  1.05335284e-02 -1.01172604e-01  1.05335292e-02 -1.01172650e-01  6.71755718e+00  3.16751875e-01  1.25737863e+01 -3.29068956e-02 
 1.21618600e+02  1.02943857e-02 -9.96860646e-02  1.02943865e-02 -9.96861103e-02  6.69534505e+00  3.05671781e-01  1.25310273e+01 -5.88960050e-02 
 1.23026877e+02  1.00635849e-02 -9.82297519e-02  1.00635857e-02 -9.82297981e-02  6.67377783e+00  2.94819560e-01  1.24894623e+01 -8.45599802e-02 
 1.24451461e+02  9.84076745e-03 -9.68027465e-02  9.84076823e-03 -9.68027931e-02  6.65283370e+00  2.84184795e-01  1.24490496e+01 -1.09918623e-01 
 1.25892541e+02  9.62559372e-03 -9.54041669e-02  9.62559447e-03 -9.54042140e-02  6.63249178e+00  2.73757586e-01  1.24097490e+01 -1.34990806e-01 
 1.27350308e+02  9.41774192e-03 -9.40331684e-02  9.41774264e-03 -9.40332159e-02  6.61273204e+00  2.63528521e-01  1.23715221e+01 -1.59794530e-01 
 1.28824955e+02  9.21690691e-03 -9.26889408e-02  9.21690761e-03 -9.26889889e-02  6.59353527e+00  2.53488647e-01  1.23343319e+01 -1.84346984e-01 
 1.30316678e+02  9.02279921e-03 -9.13707069e-02  9.02279988e-03 -9.13707555e-02  6.57488303e+00  2.43629440e-01  1.22981430e+01 -2.08664588e-01 
 1.31825674e+02  8.83514402e-03 -9.00777207e-02  8.83514466e-03 -9.00777698e-02  6.55675765e+00  2.33942778e-01  1.22629212e+01 -2.32763050e-01 
 1.33352143e+02  8.65368034e-03 -8.88092659e-02  8.65368095e-03 -8.88093154e-02  6.53914213e+00  2.24420919e-01  1.22286337e+01 -2.56657404e-01 
 1.34896288e+02  8.47816014e-03 -8.75646542e-02  8.47816071e-03 -8.75647043e-02  6.52202018e+00  2.15056480e-01  1.21952490e+01 -2.80362053e-01 
 1.36458314e+02  8.30834759e-03 -8.63432246e-02  8.30834814e-03 -8.63432752e-02  6.50537612e+00  2.05842412e-01  1.21627368e+01 -3.03890808e-01 
 1.38038426e+02  8.14401838e-03 -8.51443412e-02  8.14401890e-03 -8.51443923e-02  6.48919490e+00  1.96771980e-01  1.21310678e+01 -3.27256924e-01 
 1.39636836e+02  7.98495898e-03 -8.39673926e-02  7.98495947e-03 -8.39674442e-02  6.47346204e+00  1.87838752e-01  1.21002139e+01 -3.50473134e-01 
 1.41253754e+02  7.83096609e-03 -8.28117905e-02  7.83096654e-03 -8.28118427e-02  6.45816361e+00  1.79036571e-01  1.20701480e+01 -3.73551679e-01 
 1.42889396e+02  7.68184600e-03 -8.16769689e-02  7.68184642e-03 -8.16770216e-02  6.44328623e+00  1.70359549e-01  1.20408440e+01 -3.96504339e-01 
 1.44543977e+02  7.53741409e-03 -8.05623824e-02  7.53741449e-03 -8.05624357e-02  6.42881701e+00  1.61802046e-01  1.20122765e+01 -4.19342458e-01 
 1.46217717e+02  7.39749432e-03 -7.94675061e-02  7.39749468e-03 -7.94675600e-02  6.41474355e+00  1.53358657e-01  1.19844214e+01 -4.42076972e-01 
 1.47910839e+02  7.26191870e-03 -7.83918340e-02  7.26191903e-03 -7.83918884e-02  6.40105390e+00  1.45024201e-01  1.19572551e+01 -4.64718432e-01 
 1.49623566e+02  7.13052694e-03 -7.73348783e-02  7.13052724e-03 -7.73349333e-02  6.38773656e+00  1.36793705e-01  1.19307549e+01 -4.87277029e-01 
 1.51356125e+02  7.00316593e-03 -7.62961688e-02  7.00316620e-03 -7.62962244e-02  6.37478045e+00  1.28662398e-01  1.19048989e+01 -5.09762612e-01 
 1.53108746e+02  6.87968945e-03 -7.52752520e-02  6.87968968e-03 -7.52753082e-02  6.36217490e+00  1.20625693e-01  1.18796660e+01 -5.32184708e-01 
 1.54881662e+02  6.75995772e-03 -7.42716900e-02  6.75995792e-03 -7.42717468e-02  6.34990961e+00  1.12679183e-01  1.18550357e+01 -5.54552543e-01 
 1.56675107e+02  6.64383712e-03 -7.32850605e-02  6.64383729e-03 -7.32851179e-02  6.33797466e+00  1.04818628e-01  1.18309881e+01 -5.76875059e-01 
 1.58489319e+02  6.53119983e-03 -7.23149555e-02  6.53119996e-03 -7.23150135e-02  6.32636050e+00  9.70399470e-02  1.18075041e+01 -5.99160929e-01 
 1.60324539e+02  6.42192353e-03 -7.13609809e-02  6.42192362e-03 -7.13610396e-02  6.31505788e+00  8.93392092e-02  1.17845651e+01 -6.21418574e-01 
 1.62181010e+02  6.31589115e-03 -7.04227562e-02  6.31589121e-03 -7.04228155e-02  6.30405792e+00  8.17126262e-02  1.17621531e+01 -6.43656179e-01 
 1.64058977e+02  6.21299057e-03 -6.94999134e-02  6.21299060e-03 -6.94999733e-02  6.29335201e+00  7.41565446e-02  1.17402507e+01 -6.65881702e-01 
 1.65958691e+02  6.11311438e-03 -6.85920967e-02  6.11311436e-03 -6.85921573e-02  6.28293188e+00  6.66674383e-02  1.17188410e+01 -6.88102894e-01 
 1.67880402e+02  6.01615963e-03 -6.76989621e-02  6.01615958e-03 -6.76990233e-02  6.27278952e+00  5.92419024e-02  1.16979075e+01 -7.10327304e-01 
 1.69824365e+02  5.92202764e-03 -6.68201769e-02  5.92202755e-03 -6.68202387e-02  6.26291721e+00  5.18766463e-02  1.16774343e+01 -7.32562296e-01 
 1.71790839e+02  5.83062376e-03 -6.59554188e-02  5.83062363e-03 -6.59554814e-02  6.25330749e+00  4.45684880e-02  1.16574060e+01 -7.54815059e-01 
 1.73780083e+02  5.74185718e-03 -6.51043763e-02  5.74185701e-03 -6.51044395e-02  6.24395315e+00  3.73143484e-02  1.16378075e+01 -7.77092615e-01 
 1.75792361e+02  5.65564075e-03 -6.42667473e-02  5.65564054e-03 -6.42668113e-02  6.23484724e+00  3.01112456e-02  1.16186242e+01 -7.99401830e-01 
 1.77827941e+02  5.57189080e-03 -6.34422396e-02  5.57189055e-03 -6.34423042e-02  6.22598303e+00  2.29562902e-02  1.15998418e+01 -8.21749427e-01 
 1.79887092e+02  5.49052697e-03 -6.26305698e-02  5.49052668e-03 -6.26306351e-02  6.21735403e+00  1.58466803e-02  1.15814467e+01 -8.44141988e-01 
 1.81970086e+02  5.41147208e-03 -6.18314635e-02  5.41147174e-03 -6.18315295e-02  6.20895396e+00  8.77969652e-03  1.15634252e+01 -8.66585966e-01 
 1.84077200e+02  5.33465192e-03 -6.10446544e-02  5.33465154e-03 -6.10447211e-02  6.20077675e+00  1.75269830e-03  1.15457643e+01 -8.89087694e-01 
 1.86208714e+02  5.25999517e-03 -6.02698845e-02  5.25999475e-03 -6.02699520e-02  6.19281655e+00 -5.23688075e-03  1.15284511e+01 -9.11653390e-01 
 1.88364909e+02  5.18743326e-03 -5.95069036e-02  5.18743279e-03 -5.95069718e-02  6.18506768e+00 -1.21915367e-02  1.15114731e+01 -9.34289166e-01 
 1.90546072e+02  5.11690020e-03 -5.87554688e-02  5.11689969e-03 -5.87555378e-02  6.17752467e+00 -1.91136988e-02  1.14948183e+01 -9.57001034e-01 
 1.92752491e+02  5.04833253e-03 -5.80153445e-02  5.04833196e-03 -5.80154142e-02  6.17018222e+00 -2.60057337e-02  1.14784746e+01 -9.79794909e-01 
 1.94984460e+02  4.98166912e-03 -5.72863018e-02  4.98166851e-03 -5.72863723e-02  6.16303520e+00 -3.28699483e-02  1.14624305e+01 -1.00267662e+00 
 1.97242274e+02  4.91685116e-03 -5.65681187e-02  4.91685050e-03 -5.65681900e-02  6.15607867e+00 -3.97085930e-02  1.14466745e+01 -1.02565192e+00 
 1.99526231e+02  4.85382198e-03 -5.58605795e-02  4.85382127e-03 -5.58606516e-02  6.14930784e+00 -4.65238654e-02  1.14311955e+01 -1.04872647e+00 
 2.01836636e+02  4.79252701e-03 -5.51634746e-02  4.79252625e-03 -5.51635475e-02  6.14271808e+00 -5.33179128e-02  1.14159827e+01 -1.07190588e+00 
 2.04173794e+02  4.73291364e-03 -5.44766004e-02  4.73291283e-03 -5.44766741e-02  6.13630491e+00 -6.00928352e-02  1.14010253e+01 -1.09519567e+00 
 2.06538016e+02  4.67493118e-03 -5.37997589e-02  4.67493031e-03 -5.37998334e-02  6.13006400e+00 -6.68506883e-02  1.13863128e+01 -1.11860131e+00 
 2.08929613e+02  4.61853074e-03 -5.31327578e-02  4.61852982e-03 -5.31328331e-02  6.12399117e+00 -7.35934858e-02  1.13718351e+01 -1.14212822e+00 
 2.11348904e+02  4.56366518e-03 -5.24754100e-02  4.56366420e-03 -5.24754861e-02  6.11808237e+00 -8.03232021e-02  1.13575818e+01 -1.16578174e+00 
 2.13796209e+02  4.51028901e-03 -5.18275334e-02  4.51028797e-03 -5.18276103e-02  6.11233368e+00 -8.70417748e-02  1.13435432e+01 -1.18956719e+00 
 2.16271852e+02  4.45835834e-03 -5.11889510e-02  4.45835725e-03 -5.11890288e-02  6.10674133e+00 -9.37511072e-02  1.13297095e+01 -1.21348983e+00 
 2.18776162e+02  4.40783082e-03 -5.05594906e-02  4.40782967e-03 -5.05595693e-02  6.10130165e+00 -1.00453070e-01  1.13160710e+01 -1.23755486e+00 
 2.21309471e+02  4.35866555e-03 -4.99389845e-02  4.35866433e-03 -4.99390640e-02  6.09601111e+00 -1.07149505e-01  1.13026183e+01 -1.26176747e+00 
 2.23872114e+02  4.31082302e-03 -4.93272693e-02  4.31082174e-03 -4.93273498e-02  6.09086629e+00 -1.13842225e-01  1.12893420e+01 -1.28613279e+00 
 2.26464431e+02  4.26426508e-03 -4.87241863e-02  4.26426374e-03 -4.87242676e-02  6.08586389e+00 -1.20533019e-01  1.12762329e+01 -1.31065593e+00 
 2.29086765e+02  4.21895487e-03 -4.81295804e-02  4.21895347e-03 -4.81296627e-02  6.08100072e+00 -1.27223649e-01  1.12632819e+01 -1.33534196e+00 
 2.31739465e+02  4.17485676e-03 -4.75433010e-02  4.17485529e-03 -4.75433842e-02  6.07627369e+00 -1.33915859e-01  1.12504800e+01 -1.36019591e+00 
 2.34422882e+02  4.13193630e-03 -4.69652011e-02  4.13193476e-03 -4.69652852e-02  6.07167982e+00 -1.40611371e-01  1.12378182e+01 -1.38522282e+00 
 2.37137371e+02  4.09016018e-03 -4.63951374e-02  4.09015857e-03 -4.63952224e-02  6.06721625e+00 -1.47311891e-01  1.12252878e+01 -1.41042765e+00 
 2.39883292e+02  4.04949620e-03 -4.58329703e-02  4.04949452e-03 -4.58330563e-02  6.06288019e+00 -1.54019108e-01  1.12128799e+01 -1.43581538e+00 
 2.42661010e+02  4.00991317e-03 -4.52785638e-02  4.00991142e-03 -4.52786507e-02  6.05866897e+00 -1.60734696e-01  1.12005860e+01 -1.46139095e+00 
 2.45470892e+02  3.97138094e-03 -4.47317850e-02  3.97137912e-03 -4.47318729e-02  6.05457999e+00 -1.67460319e-01  1.11883973e+01 -1.48715929e+00 
 2.48313311e+02  3.93387032e-03 -4.41925045e-02  3.93386842e-03 -4.41925934e-02  6.05061076e+00 -1.74197629e-01  1.11763053e+01 -1.51312529e+00 
 2.51188643e+02  3.89735304e-03 -4.36605960e-02  3.89735106e-03 -4.36606859e-02  6.04675889e+00 -1.80948269e-01  1.11643015e+01 -1.53929384e+00 
 2.54097271e+02  3.86180171e-03 -4.31359363e-02  3.86179966e-03 -4.31360272e-02  6.04302205e+00 -1.87713877e-01  1.11523774e+01 -1.56566981e+00 
 2.57039578e+02  3.82718983e-03 -4.26184051e-02  3.82718769e-03 -4.26184970e-02  6.03939800e+00 -1.94496083e-01  1.11405244e+01 -1.59225805e+00 
 2.60015956e+02  3.79349169e-03 -4.21078849e-02  3.79348947e-03 -4.21079778e-02  6.03588460e+00 -2.01296516e-01  1.11287341e+01 -1.61906338e+00 
 2.63026799e+02  3.76068238e-03 -4.16042612e-02  3.76068008e-03 -4.16043552e-02  6.03247977e+00 -2.08116802e-01  1.11169981e+01 -1.64609064e+00 
 2.66072506e+02  3.72873776e-03 -4.11074220e-02  3.72873537e-03 -4.11075171e-02  6.02918153e+00 -2.14958566e-01  1.11053079e+01 -1.67334461e+00 
 2.69153480e+02  3.69763441e-03 -4.06172581e-02  3.69763193e-03 -4.06173542e-02  6.02598796e+00 -2.21823438e-01  1.10936551e+01 -1.70083009e+00 
 2.72270131e+02  3.66734961e-03 -4.01336627e-02  3.66734704e-03 -4.01337599e-02  6.02289722e+00 -2.28713047e-01  1.10820311e+01 -1.72855184e+00 
 2.75422870e+02  3.63786132e-03 -3.96565314e-02  3.63785866e-03 -3.96566297e-02  6.01990754e+00 -2.35629031e-01  1.10704276e+01 -1.75651461e+00 
 2.78612117e+02  3.60914815e-03 -3.91857623e-02  3.60914538e-03 -3.91858617e-02  6.01701723e+00 -2.42573033e-01  1.10588359e+01 -1.78472315e+00 
 2.81838293e+02  3.58118931e-03 -3.87212559e-02  3.58118645e-03 -3.87213564e-02  6.01422465e+00 -2.49546705e-01  1.10472475e+01 -1.81318215e+00 
 2.85101827e+02  3.55396463e-03 -3.82629147e-02  3.55396168e-03 -3.82630163e-02  6.01152826e+00 -2.56551710e-01  1.10356538e+01 -1.84189633e+00 
 2.88403150e+02  3.52745452e-03 -3.78106435e-02  3.52745147e-03 -3.78107463e-02  6.00892657e+00 -2.63589722e-01  1.10240461e+01 -1.87087034e+00 
 2.91742701e+02  3.50163993e-03 -3.73643494e-02  3.50163677e-03 -3.73644533e-02  6.00641814e+00 -2.70662430e-01  1.10124158e+01 -1.90010884e+00 
 2.95120923e+02  3.47650233e-03 -3.69239412e-02  3.47649906e-03 -3.69240463e-02  6.00400162e+00 -2.77771540e-01  1.10007539e+01 -1.92961646e+00 
 2.98538262e+02  3.45202372e-03 -3.64893299e-02  3.45202035e-03 -3.64894362e-02  6.00167570e+00 -2.84918775e-01  1.09890517e+01 -1.95939778e+00 
 3.01995172e+02  3.42818658e-03 -3.60604286e-02  3.42818309e-03 -3.60605360e-02  5.99943916e+00 -2.92105879e-01  1.09773001e+01 -1.98945738e+00 
 3.05492111e+02  3.40497386e-03 -3.56371518e-02  3.40497025e-03 -3.56372605e-02  5.99729080e+00 -2.99334615e-01  1.09654901e+01 -2.01979979e+00 
 3.09029543e+02  3.38236895e-03 -3.52194164e-02  3.38236523e-03 -3.52195263e-02  5.99522952e+00 -3.06606773e-01  1.09536126e+01 -2.05042950e+00 
 3.12607937e+02  3.36035569e-03 -3.48071407e-02  3.36035185e-03 -3.48072518e-02  5.99325424e+00 -3.13924168e-01  1.09416583e+01 -2.08135097e+00 
 3.16227766e+02  3.33891832e-03 -3.44002448e-02  3.33891436e-03 -3.44003572e-02  5.99136396e+00 -3.21288643e-01  1.09296178e+01 -2.11256861e+00 
 3.19889511e+02  3.31804150e-03 -3.39986506e-02  3.31803741e-03 -3.39987643e-02  5.98955773e+00 -3.28702072e-01  1.09174816e+01 -2.14408679e+00 
 3.23593657e+02  3.29771023e-03 -3.36022816e-02  3.29770602e-03 -3.36023965e-02  5.98783464e+00 -3.36166361e-01  1.09052401e+01 -2.17590982e+00 
 3.27340695e+02  3.27790992e-03 -3.32110627e-02  3.27790557e-03 -3.32111789e-02  5.98619384e+00 -3.43683451e-01  1.08928835e+01 -2.20804196e+00 
 3.31131121e+02  3.25862629e-03 -3.28249206e-02  3.25862181e-03 -3.28250381e-02  5.98463454e+00 -3.51255321e-01  1.08804018e+01 -2.24048740e+00 
 3.34965439e+02  3.23984542e-03 -3.24437834e-02  3.23984080e-03 -3.24439022e-02  5.98315598e+00 -3.58883988e-01  1.08677850e+01 -2.27325026e+00 
 3.38844156e+02  3.22155371e-03 -3.20675807e-02  3.22154895e-03 -3.20677008e-02  5.98175747e+00 -3.66571513e-01  1.08550228e+01 -2.30633460e+00 
 3.42767787e+02  3.20373783e-03 -3.16962434e-02  3.20373293e-03 -3.16963650e-02  5.98043834e+00 -3.74320001e-01  1.08421049e+01 -2.33974438e+00 
 3.46736850e+02  3.18638478e-03 -3.13297041e-02  3.18637973e-03 -3.13298270e-02  5.97919798e+00 -3.82131604e-01  1.08290206e+01 -2.37348349e+00 
 3.50751874e+02  3.16948183e-03 -3.09678963e-02  3.16947663e-03 -3.09680206e-02  5.97803582e+00 -3.90008525e-01  1.08157591e+01 -2.40755572e+00 
 3.54813389e+02  3.15301649e-03 -3.06107553e-02  3.15301113e-03 -3.06108810e-02  5.97695133e+00 -3.97953020e-01  1.08023096e+01 -2.44196474e+00 
 3.58921935e+02  3.13697653e-03 -3.02582173e-02  3.13697102e-03 -3.02583444e-02  5.97594403e+00 -4.05967400e-01  1.07886607e+01 -2.47671414e+00 
 3.63078055e+02  3.12134999e-03 -2.99102200e-02  3.12134431e-03 -2.99103484e-02  5.97501346e+00 -4.14054035e-01  1.07748011e+01 -2.51180736e+00 
 3.67282300e+02  3.10612509e-03 -2.95667021e-02  3.10611925e-03 -2.95668320e-02  5.97415920e+00 -4.22215357e-01  1.07607193e+01 -2.54724774e+00 
 3.71535229e+02  3.09129029e-03 -2.92276036e-02  3.09128428e-03 -2.92277350e-02  5.97338087e+00 -4.30453862e-01  1.07464035e+01 -2.58303844e+00 
 3.75837404e+02  3.07683424e-03 -2.88928658e-02  3.07682805e-03 -2.88929987e-02  5.97267813e+00 -4.38772116e-01  1.07318415e+01 -2.61918252e+00 
 3.80189396e+02  3.06274578e-03 -2.85624309e-02  3.06273942e-03 -2.85625653e-02  5.97205065e+00 -4.47172754e-01  1.07170211e+01 -2.65568284e+00 
 3.84591782e+02  3.04901396e-03 -2.82362423e-02  3.04900742e-03 -2.82363782e-02  5.97149814e+00 -4.55658488e-01  1.07019298e+01 -2.69254210e+00 
 3.89045145e+02  3.03562794e-03 -2.79142444e-02  3.03562122e-03 -2.79143818e-02  5.97102034e+00 -4.64232108e-01  1.06865549e+01 -2.72976282e+00 
 3.93550075e+02  3.02257710e-03 -2.75963827e-02  3.02257019e-03 -2.75965216e-02  5.97061699e+00 -4.72896482e-01  1.06708833e+01 -2.76734732e+00 
 3.98107171e+02  3.00985092e-03 -2.72826037e-02  3.00984381e-03 -2.72827442e-02  5.97028787e+00 -4.81654569e-01  1.06549018e+01 -2.80529770e+00 
 4.02717034e+02  2.99743904e-03 -2.69728549e-02  2.99743173e-03 -2.69729970e-02  5.97003279e+00 -4.90509414e-01  1.06385968e+01 -2.84361584e+00 
 4.07380278e+02  2.98533121e-03 -2.66670848e-02  2.98532370e-03 -2.66672284e-02  5.96985153e+00 -4.99464154e-01  1.06219545e+01 -2.88230340e+00 
 4.12097519e+02  2.97351733e-03 -2.63652426e-02  2.97350961e-03 -2.63653878e-02  5.96974392e+00 -5.08522026e-01  1.06049610e+01 -2.92136174e+00 
 4.16869383e+02  2.96198736e-03 -2.60672787e-02  2.96197943e-03 -2.60674256e-02  5.96970978e+00 -5.17686363e-01  1.05876018e+01 -2.96079200e+00 
 4.21696503e+02  2.95073140e-03 -2.57731443e-02  2.95072326e-03 -2.57732927e-02  5.96974894e+00 -5.26960607e-01  1.05698624e+01 -3.00059498e+00 
 4.26579519e+02  2.93973962e-03 -2.54827913e-02  2.93973125e-03 -2.54829414e-02  5.96986122e+00 -5.36348306e-01  1.05517278e+01 -3.04077122e+00 
 4.31519077e+02  2.92900226e-03 -2.51961726e-02  2.92899366e-03 -2.51963244e-02  5.97004645e+00 -5.45853123e-01  1.05331829e+01 -3.08132091e+00 
 4.36515832e+02  2.91850965e-03 -2.49132420e-02  2.91850082e-03 -2.49133955e-02  5.97030444e+00 -5.55478835e-01  1.05142123e+01 -3.12224390e+00 
 4.41570447e+02  2.90825217e-03 -2.46339538e-02  2.90824310e-03 -2.46341090e-02  5.97063499e+00 -5.65229342e-01  1.04948003e+01 -3.16353967e+00 
 4.46683592e+02  2.89822026e-03 -2.43582633e-02  2.89821096e-03 -2.43584203e-02  5.97103787e+00 -5.75108670e-01  1.04749307e+01 -3.20520735e+00 
 4.51855944e+02  2.88840442e-03 -2.40861265e-02  2.88839486e-03 -2.40862852e-02  5.97151285e+00 -5.85120973e-01  1.04545874e+01 -3.24724562e+00 
 4.57088190e+02  2.87879515e-03 -2.38175001e-02  2.87878534e-03 -2.38176605e-02  5.97205965e+00 -5.95270539e-01  1.04337538e+01 -3.28965278e+00 
 4.62381021e+02  2.86938303e-03 -2.35523414e-02  2.86937296e-03 -2.35525036e-02  5.97267795e+00 -6.05561796e-01  1.04124130e+01 -3.33242665e+00 
 4.67735141e+02  2.86015862e-03 -2.32906085e-02  2.86014829e-03 -2.32907726e-02  5.97336740e+00 -6.15999310e-01  1.03905480e+01 -3.37556458e+00 
 4.73151259e+02  2.85111253e-03 -2.30322603e-02  2.85110192e-03 -2.30324261e-02  5.97412760e+00 -6.26587798e-01  1.03681413e+01 -3.41906346e+00 
 4.78630092e+02  2.84223536e-03 -2.27772559e-02  2.84222448e-03 -2.27774236e-02  5.97495809e+00 -6.37332125e-01  1.03451754e+01 -3.46291963e+00 
 4.84172368e+02  2.83351772e-03 -2.25255555e-02  2.83350656e-03 -2.25257250e-02  5.97585834e+00 -6.48237310e-01  1.03216325e+01 -3.50712889e+00 
 4.89778819e+02  2.82495024e-03 -2.22771195e-02  2.82493879e-03 -2.22772909e-02  5.97682775e+00 -6.59308531e-01  1.02974943e+01 -3.55168650e+00 
 4.95450191e+02  2.81652350e-03 -2.20319091e-02  2.81651175e-03 -2.20320824e-02  5.97786564e+00 -6.70551129e-01  1.02727427e+01 -3.59658709e+00 
 5.01187234e+02  2.80822811e-03 -2.17898861e-02  2.80821606e-03 -2.17900613e-02  5.97897124e+00 -6.81970609e-01  1.02473589e+01 -3.64182470e+00 
 5.06990708e+02  2.80005463e-03 -2.15510126e-02  2.80004228e-03 -2.15511897e-02  5.98014369e+00 -6.93572645e-01  1.02213244e+01 -3.68739272e+00 
 5.12861384e+02  2.79199363e-03 -2.13152513e-02  2.79198096e-03 -2.13154304e-02  5.98138199e+00 -7.05363085e-01  1.01946201e+01 -3.73328386e+00 
 5.18800039e+02  2.78403563e-03 -2.10825655e-02  2.78402264e-03 -2.10827465e-02  5.98268506e+00 -7.17347949e-01  1.01672270e+01 -3.77949015e+00 
 5.24807460e+02  2.77617114e-03 -2.08529189e-02  2.77615782e-03 -2.08531019e-02  5.98405164e+00 -7.29533438e-01  1.01391259e+01 -3.82600288e+00 
 5.30884444e+02  2.76839061e-03 -2.06262756e-02  2.76837696e-03 -2.06264606e-02  5.98548037e+00 -7.41925930e-01  1.01102973e+01 -3.87281261e+00 
 5.37031796e+02  2.76068450e-03 -2.04026001e-02  2.76067051e-03 -2.04027871e-02  5.98696971e+00 -7.54531987e-01  1.00807219e+01 -3.91990909e+00 
 5.43250331e+02  2.75304320e-03 -2.01818574e-02  2.75302886e-03 -2.01820464e-02  5.98851796e+00 -7.67358353e-01  1.00503800e+01 -3.96728131e+00 
 5.49540874e+02  2.74545708e-03 -1.99640128e-02  2.74544238e-03 -1.99642039e-02  5.99012323e+00 -7.80411956e-01  1.00192521e+01 -4.01491740e+00 
 5.55904257e+02  2.73791645e-03 -1.97490320e-02  2.73790140e-03 -1.97492252e-02  5.99178344e+00 -7.93699909e-01  9.98731857e+00 -4.06280465e+00 
 5.62341325e+02  2.73041163e-03 -1.95368812e-02  2.73039620e-03 -1.95370764e-02  5.99349630e+00 -8.07229510e-01  9.95455978e+00 -4.11092948e+00 
 5.68852931e+02  2.72293285e-03 -1.93275266e-02  2.72291705e-03 -1.93277239e-02  5.99525928e+00 -8.21008240e-01  9.92095620e+00 -4.15927738e+00 
 5.75439937e+02  2.71547034e-03 -1.91209349e-02  2.71545415e-03 -1.91211344e-02  5.99706963e+00 -8.35043764e-01  9.88648835e+00 -4.20783295e+00 
 5.82103218e+02  2.70801428e-03 -1.89170730e-02  2.70799771e-03 -1.89172747e-02  5.99892433e+00 -8.49343926e-01  9.85113687e+00 -4.25657982e+00 
 5.88843655e+02  2.70055483e-03 -1.87159083e-02  2.70053786e-03 -1.87161122e-02  6.00082009e+00 -8.63916747e-01  9.81488258e+00 -4.30550065e+00 
 5.95662144e+02  2.69308213e-03 -1.85174081e-02  2.69306475e-03 -1.85176142e-02  6.00275331e+00 -8.78770421e-01  9.77770649e+00 -4.35457713e+00 
 6.02559586e+02  2.68558627e-03 -1.83215402e-02  2.68556849e-03 -1.83217484e-02  6.00472012e+00 -8.93913313e-01  9.73958986e+00 -4.40378994e+00 
 6.09536897e+02  2.67805736e-03 -1.81282723e-02  2.67803916e-03 -1.81284828e-02  6.00671627e+00 -9.09353949e-01  9.70051426e+00 -4.45311874e+00 
 6.16595002e+02  2.67048548e-03 -1.79375726e-02  2.67046685e-03 -1.79377854e-02  6.00873721e+00 -9.25101010e-01  9.66046160e+00 -4.50254215e+00 
 6.23734835e+02  2.66286069e-03 -1.77494094e-02  2.66284163e-03 -1.77496244e-02  6.01077799e+00 -9.41163328e-01  9.61941420e+00 -4.55203775e+00 
 6.30957344e+02  2.65517310e-03 -1.75637509e-02  2.65515359e-03 -1.75639682e-02  6.01283331e+00 -9.57549871e-01  9.57735482e+00 -4.60158207e+00 
 6.38263486e+02  2.64741279e-03 -1.73805657e-02  2.64739283e-03 -1.73807853e-02  6.01489742e+00 -9.74269736e-01  9.53426675e+00 -4.65115057e+00 
 6.45654229e+02  2.63956988e-03 -1.71998224e-02  2.63954947e-03 -1.72000444e-02  6.01696420e+00 -9.91332139e-01  9.49013385e+00 -4.70071766e+00 
 6.53130553e+02  2.63163454e-03 -1.70214898e-02  2.63161367e-03 -1.70217141e-02  6.01902703e+00 -1.00874640e+00  9.44494060e+00 -4.75025668e+00 
 6.60693448e+02  2.62359696e-03 -1.68455367e-02  2.62357561e-03 -1.68457633e-02  6.02107886e+00 -1.02652191e+00  9.39867221e+00 -4.79973991e+00 
 6.68343918e+02  2.61544739e-03 -1.66719318e-02  2.61542557e-03 -1.66721608e-02  6.02311216e+00 -1.04466816e+00  9.35131460e+00 -4.84913858e+00 
 6.76082975e+02  2.60717617e-03 -1.65006442e-02  2.60715387e-03 -1.65008756e-02  6.02511887e+00 -1.06319469e+00  9.30285455e+00 -4.89842288e+00 
 6.83911647e+02  2.59877372e-03 -1.63316427e-02  2.59875092e-03 -1.63318766e-02  6.02709041e+00 -1.08211105e+00  9.25327972e+00 -4.94756196e+00 
 6.91830971e+02  2.59023055e-03 -1.61648964e-02  2.59020725e-03 -1.61651327e-02  6.02901768e+00 -1.10142683e+00  9.20257873e+00 -4.99652399e+00 
 6.99841996e+02  2.58153728e-03 -1.60003742e-02  2.58151348e-03 -1.60006130e-02  6.03089100e+00 -1.12115159e+00  9.15074124e+00 -5.04527612e+00 
 7.07945784e+02  2.57268470e-03 -1.58380452e-02  2.57266039e-03 -1.58382865e-02  6.03270009e+00 -1.14129489e+00  9.09775799e+00 -5.09378457e+00 
 7.16143410e+02  2.56366371e-03 -1.56778783e-02  2.56363888e-03 -1.56781221e-02  6.03443411e+00 -1.16186619e+00  9.04362087e+00 -5.14201463e+00 
 7.24435960e+02  2.55446540e-03 -1.55198424e-02  2.55444004e-03 -1.55200887e-02  6.03608158e+00 -1.18287488e+00  8.98832305e+00 -5.18993069e+00 
 7.32824533e+02  2.54508104e-03 -1.53639065e-02  2.54505516e-03 -1.53641554e-02  6.03763038e+00 -1.20433023e+00  8.93185895e+00 -5.23749632e+00 
 7.41310241e+02  2.53550213e-03 -1.52100396e-02  2.53547570e-03 -1.52102910e-02  6.03906776e+00 -1.22624136e+00  8.87422438e+00 -5.28467429e+00 
 7.49894209e+02  2.52572035e-03 -1.50582104e-02  2.52569338e-03 -1.50584644e-02  6.04038030e+00 -1.24861719e+00  8.81541659e+00 -5.33142660e+00 
 7.58577575e+02  2.51572768e-03 -1.49083878e-02  2.51570016e-03 -1.49086445e-02  6.04155391e+00 -1.27146644e+00  8.75543432e+00 -5.37771460e+00 
 7.67361489e+02  2.50551634e-03 -1.47605407e-02  2.50548826e-03 -1.47607999e-02  6.04257381e+00 -1.29479756e+00  8.69427784e+00 -5.42349900e+00 
 7.76247117e+02  2.49507883e-03 -1.46146377e-02  2.49505020e-03 -1.46148996e-02  6.04342452e+00 -1.31861869e+00  8.63194909e+00 -5.46873997e+00 
 7.85235635e+02  2.48440800e-03 -1.44706476e-02  2.48437879e-03 -1.44709121e-02  6.04408989e+00 -1.34293765e+00  8.56845163e+00 -5.51339719e+00 
 7.94328235e+02  2.47349698e-03 -1.43285390e-02  2.47346721e-03 -1.43288063e-02  6.04455303e+00 -1.36776186e+00  8.50379077e+00 -5.55742994e+00 
 8.03526122e+02  2.46233929e-03 -1.41882807e-02  2.46230894e-03 -1.41885507e-02  6.04479635e+00 -1.39309832e+00  8.43797360e+00 -5.60079720e+00 
 8.12830516e+02  2.45092882e-03 -1.40498412e-02  2.45089789e-03 -1.40501139e-02  6.04480157e+00 -1.41895355e+00  8.37100899e+00 -5.64345770e+00 
 8.22242650e+02  2.43925983e-03 -1.39131892e-02  2.43922832e-03 -1.39134646e-02  6.04454968e+00 -1.44533356e+00  8.30290771e+00 -5.68537005e+00 
 8.31763771e+02  2.42732702e-03 -1.37782932e-02  2.42729492e-03 -1.37785714e-02  6.04402099e+00 -1.47224379e+00  8.23368239e+00 -5.72649280e+00 
 8.41395142e+02  2.41512551e-03 -1.36451219e-02  2.41509282e-03 -1.36454029e-02  6.04319510e+00 -1.49968904e+00  8.16334757e+00 -5.76678459e+00 
 8.51138038e+02  2.40265087e-03 -1.35136440e-02  2.40261758e-03 -1.35139278e-02  6.04205094e+00 -1.52767345e+00  8.09191976e+00 -5.80620420e+00 
 8.60993752e+02  2.38989915e-03 -1.33838281e-02  2.38986526e-03 -1.33841147e-02  6.04056677e+00 -1.55620046e+00  8.01941740e+00 -5.84471070e+00 
 8.70963590e+02  2.37686687e-03 -1.32556429e-02  2.37683238e-03 -1.32559324e-02  6.03872019e+00 -1.58527270e+00  7.94586088e+00 -5.88226353e+00 
 8.81048873e+02  2.36355106e-03 -1.31290573e-02  2.36351597e-03 -1.31293497e-02  6.03648820e+00 -1.61489200e+00  7.87127258e+00 -5.91882263e+00 
 8.91250938e+02  2.34994928e-03 -1.30040401e-02  2.34991359e-03 -1.30043354e-02  6.03384718e+00 -1.64505930e+00  7.79567683e+00 -5.95434854e+00 
 9.01571138e+02  2.33605960e-03 -1.28805604e-02  2.33602330e-03 -1.28808586e-02  6.03077293e+00 -1.67577462e+00  7.71909990e+00 -5.98880253e+00 
 9.12010839e+02  2.32188062e-03 -1.27585872e-02  2.32184372e-03 -1.27588884e-02  6.02724072e+00 -1.70703699e+00  7.64156996e+00 -6.02214669e+00 
 9.22571427e+02  2.30741153e-03 -1.26380900e-02  2.30737402e-03 -1.26383941e-02  6.02322532e+00 -1.73884441e+00  7.56311712e+00 -6.05434407e+00 
 9.33254301e+02  2.29265204e-03 -1.25190381e-02  2.29261392e-03 -1.25193452e-02  6.01870102e+00 -1.77119379e+00  7.48377330e+00 -6.08535879e+00 
 9.44060876e+02  2.27760243e-03 -1.24014013e-02  2.27756370e-03 -1.24017114e-02  6.01364171e+00 -1.80408092e+00  7.40357225e+00 -6.11515613e+00 
 9.54992586e+02  2.26226357e-03 -1.22851495e-02  2.26222423e-03 -1.22854626e-02  6.00802091e+00 -1.83750041e+00  7.32254947e+00 -6.14370267e+00 
 9.66050879e+02  2.24663687e-03 -1.21702529e-02  2.24659692e-03 -1.21705691e-02  6.00181180e+00 -1.87144564e+00  7.24074216e+00 -6.17096637e+00 
 9.77237221e+02  2.23072433e-03 -1.20566819e-02  2.23068378e-03 -1.20570012e-02  5.99498732e+00 -1.90590873e+00  7.15818914e+00 -6.19691670e+00 
 9.88553095e+02  2.21452851e-03 -1.19444074e-02  2.21448736e-03 -1.19447298e-02  5.98752020e+00 -1.94088047e+00  7.07493077e+00 -6.22152471e+00 
 1.00000000e+03  2.19805254e-03 -1.18334005e-02  2.19801079e-03 -1.18337261e-02  5.97938304e+00 -1.97635034e+00  6.99100888e+00 -6.24476316e+00 
 1.01157945e+03  2.18130011e-03 -1.17236327e-02  2.18125776e-03 -1.17239615e-02  5.97054836e+00 -2.01230641e+00  6.90646668e+00 -6.26660658e+00 
 1.02329299e+03  2.16427544e-03 -1.16150760e-02  2.16423249e-03 -1.16154079e-02  5.96098868e+00 -2.04873536e+00  6.82134863e+00 -6.28703136e+00 
 1.03514217e+03  2.14698330e-03 -1.15077026e-02  2.14693977e-03 -1.15080378e-02  5.95067661e+00 -2.08562242e+00  6.73570039e+00 -6.30601584e+00 
 1.04712855e+03  2.12942900e-03 -1.14014854e-02  2.12938488e-03 -1.14018238e-02  5.93958490e+00 -2.12295134e+00  6.64956866e+00 -6.32354037e+00 
 1.05925373e+03  2.11161835e-03 -1.12963976e-02  2.11157364e-03 -1.12967393e-02  5.92768654e+00 -2.16070444e+00  6.56300109e+00 -6.33958737e+00 
 1.07151931e+03  2.09355764e-03 -1.11924130e-02  2.09351235e-03 -1.11927580e-02  5.91495484e+00 -2.19886248e+00  6.47604616e+00 -6.35414139e+00 
 1.08392691e+03  2.07525365e-03 -1.10895059e-02  2.07520779e-03 -1.10898542e-02  5.90136349e+00 -2.23740477e+00  6.38875305e+00 -6.36718917e+00 
 1.09647820e+03  2.05671362e-03 -1.09876512e-02  2.05666719e-03 -1.09880029e-02  5.88688670e+00 -2.27630907e+00  6.30117154e+00 -6.37871963e+00 
 1.10917482e+03  2.03794522e-03 -1.08868242e-02  2.03789823e-03 -1.08871793e-02  5.87149925e+00 -2.31555165e+00  6.21335183e+00 -6.38872397e+00 
 1.12201845e+03  2.01895653e-03 -1.07870010e-02  2.01890898e-03 -1.07873595e-02  5.85517656e+00 -2.35510728e+00  6.12534447e+00 -6.39719563e+00 
 1.13501082e+03  1.99975601e-03 -1.06881582e-02  1.99970791e-03 -1.06885201e-02  5.83789486e+00 -2.39494923e+00  6.03720018e+00 -6.40413033e+00 
 1.14815362e+03  1.98035248e-03 -1.05902729e-02  1.98030383e-03 -1.05906384e-02  5.81963119e+00 -2.43504931e+00  5.94896975e+00 -6.40952607e+00 
 1.16144861e+03  1.96075510e-03 -1.04933232e-02  1.96070592e-03 -1.04936922e-02  5.80036355e+00 -2.47537785e+00  5.86070390e+00 -6.41338311e+00 
 1.17489755e+03  1.94097333e-03 -1.03972874e-02  1.94092362e-03 -1.03976599e-02  5.78007100e+00 -2.51590381e+00  5.77245314e+00 -6.41570397e+00 
 1.18850223e+03  1.92101690e-03 -1.03021448e-02  1.92096667e-03 -1.03025209e-02  5.75873370e+00 -2.55659473e+00  5.68426768e+00 -6.41649339e+00 
 1.20226443e+03  1.90089581e-03 -1.02078751e-02  1.90084506e-03 -1.02082549e-02  5.73633305e+00 -2.59741683e+00  5.59619725e+00 -6.41575832e+00 
 1.21618600e+03  1.88062024e-03 -1.01144589e-02  1.88056899e-03 -1.01148424e-02  5.71285175e+00 -2.63833503e+00  5.50829102e+00 -6.41350786e+00 
 1.23026877e+03  1.86020058e-03 -1.00218774e-02  1.86014883e-03 -1.00222646e-02  5.68827391e+00 -2.67931303e+00  5.42059748e+00 -6.40975319e+00 
 1.24451461e+03  1.83964737e-03 -9.93011242e-03  1.83959514e-03 -9.93050334e-03  5.66258511e+00 -2.72031333e+00  5.33316431e+00 -6.40450758e+00 
 1.25892541e+03  1.81897129e-03 -9.83914645e-03  1.81891857e-03 -9.83954116e-03  5.63577250e+00 -2.76129736e+00  5.24603827e+00 -6.39778624e+00 
 1.27350308e+03  1.79818309e-03 -9.74896272e-03  1.79812991e-03 -9.74936127e-03  5.60782490e+00 -2.80222550e+00  5.15926514e+00 -6.38960632e+00 
 1.28824955e+03  1.77729362e-03 -9.65954510e-03  1.77723998e-03 -9.65994752e-03  5.57873281e+00 -2.84305717e+00  5.07288956e+00 -6.37998681e+00 
 1.30316678e+03  1.75631376e-03 -9.57087810e-03  1.75625966e-03 -9.57128444e-03  5.54848855e+00 -2.88375094e+00  4.98695500e+00 -6.36894843e+00 
 1.31825674e+03  1.73525438e-03 -9.48294693e-03  1.73519985e-03 -9.48335723e-03  5.51708630e+00 -2.92426459e+00  4.90150364e+00 -6.35651358e+00 
 1.33352143e+03  1.71412638e-03 -9.39573740e-03  1.71407141e-03 -9.39615171e-03  5.48452214e+00 -2.96455525e+00  4.81657631e+00 -6.34270625e+00 
 1.34896288e+03  1.69294057e-03 -9.30923597e-03  1.69288518e-03 -9.30965434e-03  5.45079416e+00 -3.00457943e+00  4.73221242e+00 -6.32755190e+00 
 1.36458314e+03  1.67170775e-03 -9.22342974e-03  1.67165195e-03 -9.22385221e-03  5.41590244e+00 -3.04429321e+00  4.64844989e+00 -6.31107738e+00 
 1.38038426e+03  1.65043859e-03 -9.13830639e-03  1.65038238e-03 -9.13873301e-03  5.37984915e+00 -3.08365227e+00  4.56532511e+00 -6.29331081e+00 
 1.39636836e+03  1.62914367e-03 -9.05385421e-03  1.62908707e-03 -9.05428502e-03  5.34263857e+00 -3.12261206e+00  4.48287288e+00 -6.27428152e+00 
 1.41253754e+03  1.60783345e-03 -8.97006205e-03  1.60777646e-03 -8.97049710e-03  5.30427712e+00 -3.16112790e+00  4.40112639e+00 -6.25401990e+00 
 1.42889396e+03  1.58651821e-03 -8.88691932e-03  1.58646085e-03 -8.88735868e-03  5.26477336e+00 -3.19915510e+00  4.32011717e+00 -6.23255733e+00 
 1.44543977e+03  1.56520810e-03 -8.80441599e-03  1.56515038e-03 -8.80485970e-03  5.22413805e+00 -3.23664907e+00  4.23987508e+00 -6.20992605e+00 
 1.46217717e+03  1.54391306e-03 -8.72254255e-03  1.54385498e-03 -8.72299066e-03  5.18238412e+00 -3.27356545e+00  4.16042828e+00 -6.18615909e+00 
 1.47910839e+03  1.52264285e-03 -8.64128996e-03  1.52258443e-03 -8.64174253e-03  5.13952668e+00 -3.30986026e+00  4.08180323e+00 -6.16129015e+00 
 1.49623566e+03  1.50140701e-03 -8.56064971e-03  1.50134826e-03 -8.56110680e-03  5.09558302e+00 -3.34548999e+00  4.00402467e+00 -6.13535349e+00 
 1.51356125e+03  1.48021486e-03 -8.48061372e-03  1.48015578e-03 -8.48107538e-03  5.05057258e+00 -3.38041176e+00  3.92711568e+00 -6.10838385e+00 
 1.53108746e+03  1.45907550e-03 -8.40117438e-03  1.45901610e-03 -8.40164066e-03  5.00451694e+00 -3.41458340e+00  3.85109758e+00 -6.08041634e+00 
 1.54881662e+03  1.43799775e-03 -8.32232449e-03  1.43793804e-03 -8.32279546e-03  4.95743977e+00 -3.44796364e+00  3.77599007e+00 -6.05148638e+00 
 1.56675107e+03  1.41699022e-03 -8.24405725e-03  1.41693021e-03 -8.24453296e-03  4.90936679e+00 -3.48051216e+00  3.70181116e+00 -6.02162955e+00 
 1.58489319e+03  1.39606125e-03 -8.16636626e-03  1.39600095e-03 -8.16684678e-03  4.86032572e+00 -3.51218977e+00  3.62857722e+00 -5.99088158e+00 
 1.60324539e+03  1.37521890e-03 -8.08924549e-03  1.37515832e-03 -8.08973088e-03  4.81034622e+00 -3.54295852e+00  3.55630304e+00 -5.95927820e+00 
 1.62181010e+03  1.35447100e-03 -8.01268924e-03  1.35441015e-03 -8.01317956e-03  4.75945985e+00 -3.57278175e+00  3.48500181e+00 -5.92685510e+00 
 1.64058977e+03  1.33382509e-03 -7.93669215e-03  1.33376397e-03 -7.93718746e-03  4.70769993e+00 -3.60162430e+00  3.41468520e+00 -5.89364786e+00 
 1.65958691e+03  1.31328843e-03 -7.86124918e-03  1.31322705e-03 -7.86174954e-03  4.65510154e+00 -3.62945254e+00  3.34536338e+00 -5.85969185e+00 
 1.67880402e+03  1.29286802e-03 -7.78635556e-03  1.29280639e-03 -7.78686104e-03  4.60170135e+00 -3.65623450e+00  3.27704506e+00 -5.82502219e+00 
 1.69824365e+03  1.27257059e-03 -7.71200681e-03  1.27250872e-03 -7.71251748e-03  4.54753760e+00 -3.68193995e+00  3.20973758e+00 -5.78967367e+00 
 1.71790839e+03  1.25240260e-03 -7.63819872e-03  1.25234049e-03 -7.63871464e-03  4.49264992e+00 -3.70654051e+00  3.14344687e+00 -5.75368073e+00 
 1.73780083e+03  1.23237023e-03 -7.56492730e-03  1.23230789e-03 -7.56544855e-03  4.43707929e+00 -3.73000969e+00  3.07817758e+00 -5.71707736e+00 
 1.75792361e+03  1.21247940e-03 -7.49218883e-03  1.21241684e-03 -7.49271547e-03  4.38086789e+00 -3.75232301e+00  3.01393312e+00 -5.67989708e+00 
 1.77827941e+03  1.19273575e-03 -7.41997976e-03  1.19267297e-03 -7.42051186e-03  4.32405897e+00 -3.77345804e+00  2.95071566e+00 -5.64217289e+00 
 1.79887092e+03  1.17314468e-03 -7.34829677e-03  1.17308169e-03 -7.34883440e-03  4.26669679e+00 -3.79339444e+00  2.88852624e+00 -5.60393722e+00 
 1.81970086e+03  1.15371132e-03 -7.27713672e-03  1.15364812e-03 -7.27767995e-03  4.20882639e+00 -3.81211405e+00  2.82736479e+00 -5.56522194e+00 
 1.84077200e+03  1.13444053e-03 -7.20649664e-03  1.13437713e-03 -7.20704555e-03  4.15049359e+00 -3.82960088e+00  2.76723020e+00 -5.52605827e+00 
 1.86208714e+03  1.11533693e-03 -7.13637375e-03  1.11527334e-03 -7.13692841e-03  4.09174473e+00 -3.84584118e+00  2.70812037e+00 -5.48647676e+00 
 1.88364909e+03  1.09640491e-03 -7.06676538e-03  1.09634113e-03 -7.06732586e-03  4.03262665e+00 -3.86082346e+00  2.65003227e+00 -5.44650732e+00 
 1.90546072e+03  1.07764858e-03 -6.99766904e-03  1.07758461e-03 -6.99823543e-03  3.97318647e+00 -3.87453847e+00  2.59296195e+00 -5.40617914e+00 
 1.92752491e+03  1.05907184e-03 -6.92908235e-03  1.05900769e-03 -6.92965472e-03  3.91347152e+00 -3.88697923e+00  2.53690466e+00 -5.36552070e+00 
 1.94984460e+03  1.04067834e-03 -6.86100308e-03  1.04061401e-03 -6.86158150e-03  3.85352918e+00 -3.89814102e+00  2.48185486e+00 -5.32455976e+00 
 1.97242274e+03  1.02247151e-03 -6.79342908e-03  1.02240701e-03 -6.79401363e-03  3.79340674e+00 -3.90802136e+00  2.42780626e+00 -5.28332333e+00 
 1.99526231e+03  1.00445455e-03 -6.72635832e-03  1.00438988e-03 -6.72694909e-03  3.73315131e+00 -3.91661998e+00  2.37475190e+00 -5.24183769e+00 
 2.01836636e+03  9.86630447e-04 -6.65978887e-03  9.86565611e-04 -6.66038593e-03  3.67280964e+00 -3.92393882e+00  2.32268417e+00 -5.20012834e+00 
 2.04173794e+03  9.69001963e-04 -6.59371890e-03  9.68936963e-04 -6.59432234e-03  3.61242806e+00 -3.92998196e+00  2.27159487e+00 -5.15822005e+00 
 2.06538016e+03  9.51571656e-04 -6.52814664e-03  9.51506494e-04 -6.52875653e-03  3.55205232e+00 -3.93475556e+00  2.22147526e+00 -5.11613682e+00 
 2.08929613e+03  9.34341876e-04 -6.46307040e-03  9.34276555e-04 -6.46368683e-03  3.49172748e+00 -3.93826786e+00  2.17231607e+00 -5.07390190e+00 
 2.11348904e+03  9.17314775e-04 -6.39848858e-03  9.17249296e-04 -6.39911163e-03  3.43149782e+00 -3.94052907e+00  2.12410760e+00 -5.03153780e+00 
 2.13796209e+03  9.00492305e-04 -6.33439961e-03  9.00426670e-04 -6.33502937e-03  3.37140673e+00 -3.94155130e+00  2.07683970e+00 -4.98906625e+00 
 2.16271852e+03  8.83876229e-04 -6.27080201e-03  8.83810440e-04 -6.27143856e-03  3.31149662e+00 -3.94134854e+00  2.03050184e+00 -4.94650827e+00 
 2.18776162e+03  8.67468122e-04 -6.20769432e-03  8.67402180e-04 -6.20833775e-03  3.25180880e+00 -3.93993651e+00  1.98508312e+00 -4.90388414e+00 
 2.21309471e+03  8.51269376e-04 -6.14507514e-03  8.51203283e-04 -6.14572554e-03  3.19238343e+00 -3.93733264e+00  1.94057236e+00 -4.86121339e+00 
 2.23872114e+03  8.35281207e-04 -6.08294311e-03  8.35214962e-04 -6.08360056e-03  3.13325944e+00 -3.93355592e+00  1.89695807e+00 -4.81851487e+00 
 2.26464431e+03  8.19504654e-04 -6.02129690e-03  8.19438258e-04 -6.02196150e-03  3.07447444e+00 -3.92862688e+00  1.85422850e+00 -4.77580671e+00 
 2.29086765e+03  8.03940589e-04 -5.96013523e-03  8.03874043e-04 -5.96080706e-03  3.01606468e+00 -3.92256742e+00  1.81237169e+00 -4.73310635e+00 
 2.31739465e+03  7.88589720e-04 -5.89945680e-03  7.88523023e-04 -5.90013596e-03  2.95806497e+00 -3.91540077e+00  1.77137549e+00 -4.69043054e+00 
 2.34422882e+03  7.73452592e-04 -5.83926038e-03  7.73385744e-04 -5.83994696e-03  2.90050866e+00 -3.90715138e+00  1.73122757e+00 -4.64779538e+00 
 2.37137371e+03  7.58529594e-04 -5.77954472e-03  7.58462596e-04 -5.78023881e-03  2.84342757e+00 -3.89784479e+00  1.69191547e+00 -4.60521630e+00 
 2.39883292e+03  7.43820965e-04 -5.72030860e-03  7.43753815e-04 -5.72101030e-03  2.78685199e+00 -3.88750756e+00  1.65342659e+00 -4.56270810e+00 
 2.42661010e+03  7.29326796e-04 -5.66155080e-03  7.29259493e-04 -5.66226020e-03  2.73081062e+00 -3.87616717e+00  1.61574825e+00 -4.52028495e+00 
 2.45470892e+03  7.15047033e-04 -5.60327011e-03  7.14979576e-04 -5.60398731e-03  2.67533058e+00 -3.86385191e+00  1.57886768e+00 -4.47796042e+00 
 2.48313311e+03  7.00981484e-04 -5.54546532e-03  7.00913873e-04 -5.54619040e-03  2.62043736e+00 -3.85059076e+00  1.54277207e+00 -4.43574748e+00 
 2.51188643e+03  6.87129824e-04 -5.48813520e-03  6.87062057e-04 -5.48886828e-03  2.56615486e+00 -3.83641336e+00  1.50744856e+00 -4.39365849e+00 
 2.54097271e+03  6.73491595e-04 -5.43127853e-03  6.73423670e-04 -5.43201970e-03  2.51250535e+00 -3.82134981e+00  1.47288427e+00 -4.35170530e+00 
 2.57039578e+03  6.60066215e-04 -5.37489407e-03  6.59998131e-04 -5.37564343e-03  2.45950949e+00 -3.80543069e+00  1.43906633e+00 -4.30989915e+00 
 2.60015956e+03  6.46852980e-04 -5.31898058e-03  6.46784734e-04 -5.31973823e-03  2.40718635e+00 -3.78868688e+00  1.40598186e+00 -4.26825079e+00 
 2.63026799e+03  6.33851069e-04 -5.26353678e-03  6.33782660e-04 -5.26430282e-03  2.35555341e+00 -3.77114952e+00  1.37361802e+00 -4.22677043e+00 
 2.66072506e+03  6.21059548e-04 -5.20856139e-03  6.20990972e-04 -5.20933593e-03  2.30462660e+00 -3.75284990e+00  1.34196200e+00 -4.18546776e+00 
 2.69153480e+03  6.08477374e-04 -5.15405309e-03  6.08408630e-04 -5.15483623e-03  2.25442031e+00 -3.73381941e+00  1.31100106e+00 -4.14435199e+00 
 2.72270131e+03  5.96103400e-04 -5.10001056e-03  5.96034486e-04 -5.10080241e-03  2.20494743e+00 -3.71408942e+00  1.28072249e+00 -4.10343187e+00 
 2.75422870e+03  5.83936382e-04 -5.04643242e-03  5.83867294e-04 -5.04723308e-03  2.15621936e+00 -3.69369124e+00  1.25111369e+00 -4.06271567e+00 
 2.78612117e+03  5.71974978e-04 -4.99331728e-03  5.71905713e-04 -4.99412687e-03  2.10824608e+00 -3.67265604e+00  1.22216211e+00 -4.02221121e+00 
 2.81838293e+03  5.60217755e-04 -4.94066373e-03  5.60148311e-04 -4.94148234e-03  2.06103619e+00 -3.65101477e+00  1.19385532e+00 -3.98192587e+00 
 2.85101827e+03  5.48663197e-04 -4.88847029e-03  5.48593569e-04 -4.88929804e-03  2.01459692e+00 -3.62879811e+00  1.16618097e+00 -3.94186664e+00 
 2.88403150e+03  5.37309701e-04 -4.83673547e-03  5.37239887e-04 -4.83757247e-03  1.96893419e+00 -3.60603642e+00  1.13912683e+00 -3.90204007e+00 
 2.91742701e+03  5.26155591e-04 -4.78545774e-03  5.26085587e-04 -4.78630410e-03  1.92405268e+00 -3.58275968e+00  1.11268077e+00 -3.86245233e+00 
 2.95120923e+03  5.15199115e-04 -4.73463553e-03  5.15128918e-04 -4.73549137e-03  1.87995586e+00 -3.55899743e+00  1.08683082e+00 -3.82310920e+00 
 2.98538262e+03  5.04438452e-04 -4.68426723e-03  5.04368057e-04 -4.68513266e-03  1.83664601e+00 -3.53477875e+00  1.06156509e+00 -3.78401613e+00 
 3.01995172e+03  4.93871717e-04 -4.63435118e-03  4.93801121e-04 -4.63522631e-03  1.79412433e+00 -3.51013218e+00  1.03687186e+00 -3.74517816e+00 
 3.05492111e+03  4.83496963e-04 -4.58488570e-03  4.83426162e-04 -4.58577065e-03  1.75239097e+00 -3.48508572e+00  1.01273952e+00 -3.70660003e+00 
 3.09029543e+03  4.73312188e-04 -4.53586904e-03  4.73241178e-04 -4.53676393e-03  1.71144505e+00 -3.45966679e+00  9.89156631e-01 -3.66828613e+00 
 3.12607937e+03  4.63315336e-04 -4.48729942e-03  4.63244112e-04 -4.48820437e-03  1.67128474e+00 -3.43390216e+00  9.66111881e-01 -3.63024054e+00 
 3.16227766e+03  4.53504303e-04 -4.43917502e-03  4.53432861e-04 -4.44009016e-03  1.63190734e+00 -3.40781801e+00  9.43594115e-01 -3.59246703e+00 
 3.19889511e+03  4.43876940e-04 -4.39149398e-03  4.43805276e-04 -4.39241942e-03  1.59330926e+00 -3.38143981e+00  9.21592331e-01 -3.55496907e+00 
 3.23593657e+03  4.34431058e-04 -4.34425438e-03  4.34359166e-04 -4.34519025e-03  1.55548614e+00 -3.35479236e+00  9.00095683e-01 -3.51774986e+00 
 3.27340695e+03  4.25164429e-04 -4.29745427e-03  4.25092305e-04 -4.29840069e-03  1.51843287e+00 -3.32789978e+00  8.79093484e-01 -3.48081232e+00 
 3.31131121e+03  4.16074793e-04 -4.25109165e-03  4.16002431e-04 -4.25204874e-03  1.48214364e+00 -3.30078545e+00  8.58575208e-01 -3.44415910e+00 
 3.34965439e+03  4.07159859e-04 -4.20516447e-03  4.07087255e-04 -4.20613236e-03  1.44661200e+00 -3.27347205e+00  8.38530490e-01 -3.40779261e+00 
 3.38844156e+03  3.98417311e-04 -4.15967064e-03  3.98344459e-04 -4.16064947e-03  1.41183088e+00 -3.24598153e+00  8.18949130e-01 -3.37171500e+00 
 3.42767787e+03  3.89844808e-04 -4.11460805e-03  3.89771703e-04 -4.11559794e-03  1.37779267e+00 -3.21833511e+00  7.99821092e-01 -3.33592821e+00 
 3.46736850e+03  3.81439989e-04 -4.06997451e-03  3.81366626e-04 -4.07097559e-03  1.34448927e+00 -3.19055326e+00  7.81136506e-01 -3.30043393e+00 
 3.50751874e+03  3.73200479e-04 -4.02576781e-03  3.73126851e-04 -4.02678022e-03  1.31191208e+00 -3.16265573e+00  7.62885668e-01 -3.26523366e+00 
 3.54813389e+03  3.65123884e-04 -3.98198570e-03  3.65049987e-04 -3.98300958e-03  1.28005210e+00 -3.13466155e+00  7.45059042e-01 -3.23032869e+00 
 3.58921935e+03  3.57207804e-04 -3.93862589e-03  3.57133631e-04 -3.93966136e-03  1.24889995e+00 -3.10658900e+00  7.27647257e-01 -3.19572011e+00 
 3.63078055e+03  3.49449829e-04 -3.89568603e-03  3.49375373e-04 -3.89673324e-03  1.21844589e+00 -3.07845567e+00  7.10641108e-01 -3.16140881e+00 
 3.67282300e+03  3.41847542e-04 -3.85316377e-03  3.41772798e-04 -3.85422285e-03  1.18867990e+00 -3.05027841e+00  6.94031560e-01 -3.12739552e+00 
 3.71535229e+03  3.34398524e-04 -3.81105668e-03  3.34323486e-04 -3.81212778e-03  1.15959167e+00 -3.02207340e+00  6.77809741e-01 -3.09368078e+00 
 3.75837404e+03  3.27100357e-04 -3.76936233e-03  3.27025018e-04 -3.77044558e-03  1.13117065e+00 -2.99385609e+00  6.61966943e-01 -3.06026499e+00 
 3.80189396e+03  3.19950624e-04 -3.72807823e-03  3.19874977e-04 -3.72917379e-03  1.10340612e+00 -2.96564127e+00  6.46494625e-01 -3.02714838e+00 
 3.84591782e+03  3.12946910e-04 -3.68720188e-03  3.12870948e-04 -3.68830988e-03  1.07628716e+00 -2.93744307e+00  6.31384409e-01 -2.99433101e+00 
 3.89045145e+03  3.06086809e-04 -3.64673072e-03  3.06010525e-04 -3.64785132e-03  1.04980270e+00 -2.90927495e+00  6.16628078e-01 -2.96181284e+00 
 3.93550075e+03  2.99367921e-04 -3.60666219e-03  2.99291308e-04 -3.60779553e-03  1.02394158e+00 -2.88114975e+00  6.02217576e-01 -2.92959366e+00 
 3.98107171e+03  2.92787857e-04 -3.56699367e-03  2.92710908e-04 -3.56813990e-03  9.98692534e-01 -2.85307966e+00  5.88145009e-01 -2.89767315e+00 
 4.02717034e+03  2.86344240e-04 -3.52772253e-03  2.86266947e-04 -3.52888181e-03  9.74044238e-01 -2.82507628e+00  5.74402639e-01 -2.86605085e+00 
 4.07380278e+03  2.80034706e-04 -3.48884611e-03  2.79957061e-04 -3.49001859e-03  9.49985320e-01 -2.79715061e+00  5.60982884e-01 -2.83472621e+00 
 4.12097519e+03  2.73856905e-04 -3.45036173e-03  2.73778901e-04 -3.45154756e-03  9.26504391e-01 -2.76931307e+00  5.47878320e-01 -2.80369854e+00 
 4.16869383e+03  2.67808505e-04 -3.41226667e-03  2.67730134e-04 -3.41346602e-03  9.03590060e-01 -2.74157354e+00  5.35081673e-01 -2.77296706e+00 
 4.21696503e+03  2.61887192e-04 -3.37455820e-03  2.61808445e-04 -3.37577122e-03  8.81230953e-01 -2.71394134e+00  5.22585823e-01 -2.74253089e+00 
 4.26579519e+03  2.56090670e-04 -3.33723356e-03  2.56011539e-04 -3.33846041e-03  8.59415730e-01 -2.68642525e+00  5.10383797e-01 -2.71238906e+00 
 4.31519077e+03  2.50416663e-04 -3.30028998e-03  2.50337139e-04 -3.30153083e-03  8.38133105e-01 -2.65903358e+00  4.98468771e-01 -2.68254050e+00 
 4.36515832e+03  2.44862918e-04 -3.26372467e-03  2.44782993e-04 -3.26497968e-03  8.17371854e-01 -2.63177411e+00  4.86834066e-01 -2.65298407e+00 
 4.41570447e+03  2.39427203e-04 -3.22753482e-03  2.39346867e-04 -3.22880415e-03  7.97120833e-01 -2.60465418e+00  4.75473147e-01 -2.62371853e+00 
 4.46683592e+03  2.34107309e-04 -3.19171759e-03  2.34026554e-04 -3.19300142e-03  7.77368989e-01 -2.57768064e+00  4.64379620e-01 -2.59474258e+00 
 4.51855944e+03  2.28901053e-04 -3.15627016e-03  2.28819869e-04 -3.15756864e-03  7.58105372e-01 -2.55085992e+00  4.53547230e-01 -2.56605486e+00 
 4.57088190e+03  2.23806275e-04 -3.12118965e-03  2.23724652e-04 -3.12250298e-03  7.39319144e-01 -2.52419801e+00  4.42969859e-01 -2.53765391e+00 
 4.62381021e+03  2.18820843e-04 -3.08647322e-03  2.18738770e-04 -3.08780155e-03  7.20999589e-01 -2.49770052e+00  4.32641525e-01 -2.50953825e+00 
 4.67735141e+03  2.13942647e-04 -3.05211797e-03  2.13860116e-04 -3.05346149e-03  7.03136121e-01 -2.47137264e+00  4.22556376e-01 -2.48170630e+00 
 4.73151259e+03  2.09169608e-04 -3.01812103e-03  2.09086608e-04 -3.01947992e-03  6.85718294e-01 -2.44521919e+00  4.12708692e-01 -2.45415646e+00 
 4.78630092e+03  2.04499673e-04 -2.98447951e-03  2.04416193e-04 -2.98585393e-03  6.68735803e-01 -2.41924464e+00  4.03092882e-01 -2.42688706e+00 
 4.84172368e+03  1.99930815e-04 -2.95119049e-03  1.99846845e-04 -2.95258064e-03  6.52178496e-01 -2.39345312e+00  3.93703479e-01 -2.39989639e+00 
 4.89778819e+03  1.95461038e-04 -2.91825108e-03  1.95376566e-04 -2.91965714e-03  6.36036374e-01 -2.36784839e+00  3.84535140e-01 -2.37318269e+00 
 4.95450191e+03  1.91088372e-04 -2.88565836e-03  1.91003386e-04 -2.88708052e-03  6.20299599e-01 -2.34243395e+00  3.75582645e-01 -2.34674416e+00 
 5.01187234e+03  1.86810876e-04 -2.85340942e-03  1.86725366e-04 -2.85484786e-03  6.04958496e-01 -2.31721296e+00  3.66840891e-01 -2.32057897e+00 
 5.06990708e+03  1.82626640e-04 -2.82150134e-03  1.82540593e-04 -2.82295626e-03  5.90003557e-01 -2.29218830e+00  3.58304891e-01 -2.29468524e+00 
 5.12861384e+03  1.78533779e-04 -2.78993121e-03  1.78447184e-04 -2.79140280e-03  5.75425443e-01 -2.26736258e+00  3.49969776e-01 -2.26906107e+00 
 5.18800039e+03  1.74530442e-04 -2.75869611e-03  1.74443285e-04 -2.76018457e-03  5.61214986e-01 -2.24273814e+00  3.41830787e-01 -2.24370452e+00 
 5.24807460e+03  1.70614803e-04 -2.72779312e-03  1.70527073e-04 -2.72929864e-03  5.47363191e-01 -2.21831709e+00  3.33883274e-01 -2.21861364e+00 
 5.30884444e+03  1.66785069e-04 -2.69721933e-03  1.66696751e-04 -2.69874211e-03  5.33861239e-01 -2.19410127e+00  3.26122698e-01 -2.19378644e+00 
 5.37031796e+03  1.63039472e-04 -2.66697182e-03  1.62950554e-04 -2.66851206e-03  5.20700481e-01 -2.17009233e+00  3.18544622e-01 -2.16922090e+00 
 5.43250331e+03  1.59376278e-04 -2.63704770e-03  1.59286746e-04 -2.63860560e-03  5.07872448e-01 -2.14629168e+00  3.11144715e-01 -2.14491501e+00 
 5.49540874e+03  1.55793779e-04 -2.60744404e-03  1.55703619e-04 -2.60901982e-03  4.95368843e-01 -2.12270053e+00  3.03918748e-01 -2.12086670e+00 
 5.55904257e+03  1.52290296e-04 -2.57815796e-03  1.52199494e-04 -2.57975182e-03  4.83181544e-01 -2.09931992e+00  2.96862587e-01 -2.09707392e+00 
 5.62341325e+03  1.48864182e-04 -2.54918657e-03  1.48772723e-04 -2.55079872e-03  4.71302605e-01 -2.07615066e+00  2.89972201e-01 -2.07353459e+00 
 5.68852931e+03  1.45513815e-04 -2.52052698e-03  1.45421684e-04 -2.52215764e-03  4.59724250e-01 -2.05319344e+00  2.83243649e-01 -2.05024662e+00 
 5.75439937e+03  1.42237605e-04 -2.49217631e-03  1.42144787e-04 -2.49382569e-03  4.48438878e-01 -2.03044875e+00  2.76673086e-01 -2.02720790e+00 
 5.82103218e+03  1.39033988e-04 -2.46413170e-03  1.38940467e-04 -2.46580002e-03  4.37439056e-01 -2.00791694e+00  2.70256757e-01 -2.00441632e+00 
 5.88843655e+03  1.35901430e-04 -2.43639029e-03  1.35807191e-04 -2.43807777e-03  4.26717520e-01 -1.98559821e+00  2.63990995e-01 -1.98186976e+00 
 5.95662144e+03  1.32838425e-04 -2.40894922e-03  1.32743450e-04 -2.41065609e-03  4.16267176e-01 -1.96349262e+00  2.57872221e-01 -1.95956610e+00 
 6.02559586e+03  1.29843493e-04 -2.38180567e-03  1.29747766e-04 -2.38353215e-03  4.06081092e-01 -1.94160010e+00  2.51896941e-01 -1.93750321e+00 
 6.09536897e+03  1.26915184e-04 -2.35495680e-03  1.26818688e-04 -2.35670313e-03  3.96152500e-01 -1.91992047e+00  2.46061745e-01 -1.91567894e+00 
 6.16595002e+03  1.24052073e-04 -2.32839981e-03  1.23954790e-04 -2.33016620e-03  3.86474793e-01 -1.89845341e+00  2.40363302e-01 -1.89409118e+00 
 6.23734835e+03  1.21252764e-04 -2.30213188e-03  1.21154676e-04 -2.30391858e-03  3.77041523e-01 -1.87719850e+00  2.34798362e-01 -1.87273776e+00 
 6.30957344e+03  1.18515886e-04 -2.27615023e-03  1.18416975e-04 -2.27795747e-03  3.67846397e-01 -1.85615525e+00  2.29363754e-01 -1.85161657e+00 
 6.38263486e+03  1.15840096e-04 -2.25045208e-03  1.15740343e-04 -2.25228011e-03  3.58883276e-01 -1.83532302e+00  2.24056379e-01 -1.83072546e+00 
 6.45654229e+03  1.13224076e-04 -2.22503467e-03  1.13123461e-04 -2.22688372e-03  3.50146173e-01 -1.81470112e+00  2.18873216e-01 -1.81006229e+00 
 6.53130553e+03  1.10666534e-04 -2.19989526e-03  1.10565038e-04 -2.20176558e-03  3.41629248e-01 -1.79428876e+00  2.13811313e-01 -1.78962494e+00 
 6.60693448e+03  1.08166204e-04 -2.17503110e-03  1.08063806e-04 -2.17692294e-03  3.33326807e-01 -1.77408508e+00  2.08867792e-01 -1.76941127e+00 
 6.68343918e+03  1.05721843e-04 -2.15043949e-03  1.05618522e-04 -2.15235310e-03  3.25233298e-01 -1.75408914e+00  2.04039842e-01 -1.74941918e+00 
 6.76082975e+03  1.03332234e-04 -2.12611772e-03  1.03227971e-04 -2.12805335e-03  3.17343311e-01 -1.73429994e+00  1.99324719e-01 -1.72964652e+00 
 6.83911647e+03  1.00996186e-04 -2.10206310e-03  1.00890957e-04 -2.10402101e-03  3.09651572e-01 -1.71471641e+00  1.94719747e-01 -1.71009121e+00 
 6.91830971e+03  9.87125304e-05 -2.07827296e-03  9.86063140e-05 -2.08025341e-03  3.02152941e-01 -1.69533742e+00  1.90222312e-01 -1.69075112e+00 
 6.99841996e+03  9.64801213e-05 -2.05474466e-03  9.63728948e-05 -2.05674791e-03  2.94842412e-01 -1.67616178e+00  1.85829865e-01 -1.67162417e+00 
 7.07945784e+03  9.42978375e-05 -2.03147555e-03  9.41895775e-05 -2.03350187e-03  2.87715105e-01 -1.65718827e+00  1.81539915e-01 -1.65270827e+00 
 7.16143410e+03  9.21645803e-05 -2.00846301e-03  9.20552631e-05 -2.01051267e-03  2.80766267e-01 -1.63841561e+00  1.77350035e-01 -1.63400134e+00 
 7.24435960e+03  9.00792736e-05 -1.98570445e-03  8.99688748e-05 -1.98777771e-03  2.73991270e-01 -1.61984247e+00  1.73257854e-01 -1.61550130e+00 
 7.32824533e+03  8.80408633e-05 -1.96319728e-03  8.79293580e-05 -1.96529442e-03  2.67385605e-01 -1.60146749e+00  1.69261057e-01 -1.59720611e+00 
 7.41310241e+03  8.60483174e-05 -1.94093893e-03  8.59356800e-05 -1.94306023e-03  2.60944880e-01 -1.58328928e+00  1.65357387e-01 -1.57911371e+00 
 7.49894209e+03  8.41006250e-05 -1.91892685e-03  8.39868294e-05 -1.92107259e-03  2.54664818e-01 -1.56530640e+00  1.61544640e-01 -1.56122206e+00 
 7.58577575e+03  8.21967965e-05 -1.89715852e-03  8.20818160e-05 -1.89932899e-03  2.48541258e-01 -1.54751740e+00  1.57820665e-01 -1.54352914e+00 
 7.67361489e+03  8.03358631e-05 -1.87563143e-03  8.02196702e-05 -1.87782691e-03  2.42570142e-01 -1.52992077e+00  1.54183363e-01 -1.52603293e+00 
 7.76247117e+03  7.85168760e-05 -1.85434307e-03  7.83994428e-05 -1.85656386e-03  2.36747526e-01 -1.51251502e+00  1.50630685e-01 -1.50873143e+00 
 7.85235635e+03  7.67389067e-05 -1.83329098e-03  7.66202045e-05 -1.83553737e-03  2.31069564e-01 -1.49529860e+00  1.47160633e-01 -1.49162265e+00 
 7.94328235e+03  7.50010462e-05 -1.81247271e-03  7.48810457e-05 -1.81474499e-03  2.25532517e-01 -1.47826996e+00  1.43771255e-01 -1.47470462e+00 
 8.03526122e+03  7.33024049e-05 -1.79188581e-03  7.31810760e-05 -1.79418429e-03  2.20132741e-01 -1.46142752e+00  1.40460646e-01 -1.45797536e+00 
 8.12830516e+03  7.16421119e-05 -1.77152788e-03  7.15194239e-05 -1.77385286e-03  2.14866691e-01 -1.44476970e+00  1.37226948e-01 -1.44143294e+00 
 8.22242650e+03  7.00193151e-05 -1.75139650e-03  6.98952365e-05 -1.75374829e-03  2.09730917e-01 -1.42829490e+00  1.34068347e-01 -1.42507540e+00 
 8.31763771e+03  6.84331806e-05 -1.73148931e-03  6.83076791e-05 -1.73386822e-03  2.04722058e-01 -1.41200150e+00  1.30983073e-01 -1.40890083e+00 
 8.41395142e+03  6.68828921e-05 -1.71180395e-03  6.67559349e-05 -1.71421030e-03  1.99836846e-01 -1.39588787e+00  1.27969397e-01 -1.39290732e+00 
 8.51138038e+03  6.53676512e-05 -1.69233807e-03  6.52392046e-05 -1.69477218e-03  1.95072096e-01 -1.37995239e+00  1.25025632e-01 -1.37709298e+00 
 8.60993752e+03  6.38866766e-05 -1.67308936e-03  6.37567059e-05 -1.67555155e-03  1.90424712e-01 -1.36419342e+00  1.22150134e-01 -1.36145592e+00 
 8.70963590e+03  6.24392037e-05 -1.65405551e-03  6.23076737e-05 -1.65654611e-03  1.85891679e-01 -1.34860931e+00  1.19341295e-01 -1.34599428e+00 
 8.81048873e+03  6.10244847e-05 -1.63523425e-03  6.08913592e-05 -1.63775358e-03  1.81470061e-01 -1.33319842e+00  1.16597548e-01 -1.33070621e+00 
 8.91250938e+03  5.96417878e-05 -1.61662332e-03  5.95070298e-05 -1.61917172e-03  1.77157003e-01 -1.31795909e+00  1.13917361e-01 -1.31558986e+00 
 9.01571138e+03  5.82903973e-05 -1.59822047e-03  5.81539688e-05 -1.60079828e-03  1.72949724e-01 -1.30288967e+00  1.11299241e-01 -1.30064343e+00 
 9.12010839e+03  5.69696129e-05 -1.58002347e-03  5.68314752e-05 -1.58263104e-03  1.68845520e-01 -1.28798852e+00  1.08741730e-01 -1.28586510e+00 
 9.22571427e+03  5.56787497e-05 -1.56203014e-03  5.55388632e-05 -1.56466780e-03  1.64841756e-01 -1.27325398e+00  1.06243405e-01 -1.27125309e+00 
 9.33254301e+03  5.44171376e-05 -1.54423829e-03  5.42754617e-05 -1.54690639e-03  1.60935869e-01 -1.25868440e+00  1.03802876e-01 -1.25680560e+00 
 9.44060876e+03  5.31841215e-05 -1.52664574e-03  5.30406145e-05 -1.52934464e-03  1.57125365e-01 -1.24427814e+00  1.01418787e-01 -1.24252090e+00 
 9.54992586e+03  5.19790604e-05 -1.50925036e-03  5.18336798e-05 -1.51198042e-03  1.53407816e-01 -1.23003355e+00  9.90898152e-02 -1.22839723e+00 
 9.66050879e+03  5.08013273e-05 -1.49205003e-03  5.06540296e-05 -1.49481161e-03  1.49780858e-01 -1.21594900e+00  9.68146679e-02 -1.21443285e+00 
 9.77237221e+03  4.96503093e-05 -1.47504264e-03  4.95010499e-05 -1.47783611e-03  1.46242191e-01 -1.20202286e+00  9.45920840e-02 -1.20062606e+00 
 9.88553095e+03  4.85254067e-05 -1.45822610e-03  4.83741400e-05 -1.46105182e-03  1.42789576e-01 -1.18825349e+00  9.24208324e-02 -1.18697516e+00 
 1.00000000e+04  4.74260333e-05 -1.44159835e-03  4.72727126e-05 -1.44445670e-03  1.39420833e-01 -1.17463928e+00  9.02997112e-02 -1.17347846e+00 
