 frequency       v(/u_vc)        v(/u_vc)        v(/u_d)         v(/u_d)         v(/p_i)         v(/p_i)         v(/p_o)         v(/p_o)        
 1.00000000e+01  2.43734683e-03  5.80654232e-02  2.43725350e-03  5.80066672e-02 -3.19310235e-01  1.49076406e-02 -5.96673017e-01  3.03301798e-02 
 1.01157945e+01  2.50053400e-03  5.88099322e-02  2.50044144e-03  5.87505570e-02 -3.27147557e-01  1.54691202e-02 -6.11316431e-01  3.14695085e-02 
 1.02329299e+01  2.56552075e-03  5.95657760e-02  2.56542913e-03  5.95057766e-02 -3.35187263e-01  1.60527071e-02 -6.26337896e-01  3.26535137e-02 
 1.03514217e+01  2.63236640e-03  6.03331923e-02  2.63227591e-03  6.02725639e-02 -3.43435076e-01  1.66593321e-02 -6.41748102e-01  3.38840656e-02 
 1.04712855e+01  2.70113263e-03  6.11124262e-02  2.70104345e-03  6.10511641e-02 -3.51896906e-01  1.72899693e-02 -6.57558082e-01  3.51631204e-02 
 1.05925373e+01  2.77188358e-03  6.19037303e-02  2.77179594e-03  6.18418296e-02 -3.60578858e-01  1.79456378e-02 -6.73779234e-01  3.64927245e-02 
 1.07151931e+01  2.84468600e-03  6.27073650e-02  2.84460012e-03  6.26448211e-02 -3.69487237e-01  1.86274046e-02 -6.90423331e-01  3.78750191e-02 
 1.08392691e+01  2.91960934e-03  6.35235988e-02  2.91952546e-03  6.34604069e-02 -3.78628558e-01  1.93363866e-02 -7.07502538e-01  3.93122456e-02 
 1.09647820e+01  2.99672591e-03  6.43527087e-02  2.99664429e-03  6.42888643e-02 -3.88009555e-01  2.00737537e-02 -7.25029423e-01  4.08067502e-02 
 1.10917482e+01  3.07611100e-03  6.51949804e-02  3.07603191e-03  6.51304791e-02 -3.97637187e-01  2.08407315e-02 -7.43016983e-01  4.23609901e-02 
 1.12201845e+01  3.15784305e-03  6.60507090e-02  3.15776680e-03  6.59855462e-02 -4.07518649e-01  2.16386039e-02 -7.61478650e-01  4.39775390e-02 
 1.13501082e+01  3.24200381e-03  6.69201990e-02  3.24193071e-03  6.68543703e-02 -4.17661385e-01  2.24687170e-02 -7.80428317e-01  4.56590934e-02 
 1.14815362e+01  3.32867849e-03  6.78037650e-02  3.32860887e-03  6.77372661e-02 -4.28073091e-01  2.33324818e-02 -7.99880354e-01  4.74084796e-02 
 1.16144861e+01  3.41795593e-03  6.87017317e-02  3.41789016e-03  6.86345585e-02 -4.38761732e-01  2.42313783e-02 -8.19849629e-01  4.92286602e-02 
 1.17489755e+01  3.50992886e-03  6.96144351e-02  3.50986731e-03  6.95465833e-02 -4.49735550e-01  2.51669589e-02 -8.40351526e-01  5.11227422e-02 
 1.18850223e+01  3.60469399e-03  7.05422220e-02  3.60463708e-03  7.04736878e-02 -4.61003076e-01  2.61408527e-02 -8.61401972e-01  5.30939845e-02 
 1.20226443e+01  3.70235232e-03  7.14854515e-02  3.70230049e-03  7.14162308e-02 -4.72573144e-01  2.71547698e-02 -8.83017454e-01  5.51458065e-02 
 1.21618600e+01  3.80300932e-03  7.24444946e-02  3.80296304e-03  7.23745837e-02 -4.84454903e-01  2.82105057e-02 -9.05215050e-01  5.72817974e-02 
 1.23026877e+01  3.90677519e-03  7.34197354e-02  3.90673496e-03  7.33491307e-02 -4.96657830e-01  2.93099464e-02 -9.28012449e-01  5.95057254e-02 
 1.24451461e+01  4.01376509e-03  7.44115714e-02  4.01373144e-03  7.43402693e-02 -5.09191745e-01  3.04550735e-02 -9.51427979e-01  6.18215484e-02 
 1.25892541e+01  4.12409946e-03  7.54204141e-02  4.12407294e-03  7.53484113e-02 -5.22066830e-01  3.16479699e-02 -9.75480641e-01  6.42334242e-02 
 1.27350308e+01  4.23790425e-03  7.64466898e-02  4.23788548e-03  7.63739830e-02 -5.35293636e-01  3.28908255e-02 -1.00019013e+00  6.67457229e-02 
 1.28824955e+01  4.35531128e-03  7.74908400e-02  4.35530090e-03  7.74174261e-02 -5.48883110e-01  3.41859436e-02 -1.02557687e+00  6.93630390e-02 
 1.30316678e+01  4.47645856e-03  7.85533224e-02  4.47645725e-03  7.84791987e-02 -5.62846606e-01  3.55357478e-02 -1.05166205e+00  7.20902044e-02 
 1.31825674e+01  4.60149062e-03  7.96346115e-02  4.60149912e-03  7.95597752e-02 -5.77195907e-01  3.69427890e-02 -1.07846767e+00  7.49323029e-02 
 1.33352143e+01  4.73055891e-03  8.07351993e-02  4.73057800e-03  8.06596480e-02 -5.91943243e-01  3.84097532e-02 -1.10601653e+00  7.78946851e-02 
 1.34896288e+01  4.86382219e-03  8.18555965e-02  4.86385270e-03  8.17793279e-02 -6.07101314e-01  3.99394699e-02 -1.13433235e+00  8.09829847e-02 
 1.36458314e+01  5.00144697e-03  8.29963329e-02  5.00148978e-03  8.29193449e-02 -6.22683312e-01  4.15349208e-02 -1.16343973e+00  8.42031355e-02 
 1.38038426e+01  5.14360795e-03  8.41579586e-02  5.14366401e-03  8.40802496e-02 -6.38702940e-01  4.31992491e-02 -1.19336423e+00  8.75613905e-02 
 1.39636836e+01  5.29048852e-03  8.53410451e-02  5.29055884e-03  8.52626135e-02 -6.55174446e-01  4.49357700e-02 -1.22413245e+00  9.10643411e-02 
 1.41253754e+01  5.44228130e-03  8.65461861e-02  5.44236694e-03  8.64670306e-02 -6.72112638e-01  4.67479814e-02 -1.25577201e+00  9.47189387e-02 
 1.42889396e+01  5.59918867e-03  8.77739987e-02  5.59929079e-03  8.76941185e-02 -6.89532922e-01  4.86395753e-02 -1.28831164e+00  9.85325174e-02 
 1.44543977e+01  5.76142342e-03  8.90251246e-02  5.76154323e-03  8.89445191e-02 -7.07451324e-01  5.06144511e-02 -1.32178125e+00  1.02512819e-01 
 1.46217717e+01  5.92920934e-03  9.03002314e-02  5.92934814e-03  9.02189002e-02 -7.25884526e-01  5.26767282e-02 -1.35621195e+00  1.06668017e-01 
 1.47910839e+01  6.10278196e-03  9.16000138e-02  6.10294114e-03  9.15179570e-02 -7.44849895e-01  5.48307610e-02 -1.39163614e+00  1.11006750e-01 
 1.49623566e+01  6.28238928e-03  9.29251951e-02  6.28257031e-03  9.28424132e-02 -7.64365524e-01  5.70811544e-02 -1.42808755e+00  1.15538145e-01 
 1.51356125e+01  6.46829256e-03  9.42765284e-02  6.46849702e-03  9.41930222e-02 -7.84450263e-01  5.94327805e-02 -1.46560135e+00  1.20271856e-01 
 1.53108746e+01  6.66076721e-03  9.56547988e-02  6.66099678e-03  9.55705696e-02 -8.05123761e-01  6.18907970e-02 -1.50421419e+00  1.25218098e-01 
 1.54881662e+01  6.86010369e-03  9.70608244e-02  6.86036016e-03  9.69758739e-02 -8.26406511e-01  6.44606663e-02 -1.54396427e+00  1.30387682e-01 
 1.56675107e+01  7.06660852e-03  9.84954584e-02  7.06689382e-03  9.84097889e-02 -8.48319891e-01  6.71481766e-02 -1.58489146e+00  1.35792058e-01 
 1.58489319e+01  7.28060537e-03  9.99595911e-02  7.28092153e-03  9.98732053e-02 -8.70886213e-01  6.99594652e-02 -1.62703737e+00  1.41443362e-01 
 1.60324539e+01  7.50243622e-03  1.01454152e-01  7.50278543e-03  1.01367053e-01 -8.94128773e-01  7.29010424e-02 -1.67044543e+00  1.47354458e-01 
 1.62181010e+01  7.73246260e-03  1.02980111e-01  7.73284717e-03  1.02892303e-01 -9.18071909e-01  7.59798187e-02 -1.71516101e+00  1.53538996e-01 
 1.64058977e+01  7.97106695e-03  1.04538482e-01  7.97148939e-03  1.04449969e-01 -9.42741052e-01  7.92031332e-02 -1.76123153e+00  1.60011461e-01 
 1.65958691e+01  8.21865412e-03  1.06130325e-01  8.21911707e-03  1.06041112e-01 -9.68162794e-01  8.25787849e-02 -1.80870655e+00  1.66787241e-01 
 1.67880402e+01  8.47565293e-03  1.07756747e-01  8.47615923e-03  1.07666841e-01 -9.94364951e-01  8.61150670e-02 -1.85763793e+00  1.73882686e-01 
 1.69824365e+01  8.74251789e-03  1.09418910e-01  8.74307058e-03  1.09328315e-01 -1.02137663e+00  8.98208029e-02 -1.90807992e+00  1.81315185e-01 
 1.71790839e+01  9.01973110e-03  1.11118025e-01  9.02033342e-03  1.11026751e-01 -1.04922832e+00  9.37053871e-02 -1.96008933e+00  1.89103240e-01 
 1.73780083e+01  9.30780424e-03  1.12855365e-01  9.30845966e-03  1.12763418e-01 -1.07795194e+00  9.77788277e-02 -2.01372565e+00  1.97266550e-01 
 1.75792361e+01  9.60728080e-03  1.14632261e-01  9.60799304e-03  1.14539651e-01 -1.10758095e+00  1.02051795e-01 -2.06905125e+00  2.05826105e-01 
 1.77827941e+01  9.91873850e-03  1.16450110e-01  9.91951153e-03  1.16356847e-01 -1.13815046e+00  1.06535671e-01 -2.12613152e+00  2.14804282e-01 
 1.79887092e+01  1.02427918e-02  1.18310377e-01  1.02436299e-02  1.18216472e-01 -1.16969729e+00  1.11242608e-01 -2.18503506e+00  2.24224960e-01 
 1.81970086e+01  1.05800950e-02  1.20214599e-01  1.05810026e-02  1.20120063e-01 -1.20226008e+00  1.16185588e-01 -2.24583388e+00  2.34113630e-01 
 1.84077200e+01  1.09313448e-02  1.22164391e-01  1.09323270e-02  1.22069238e-01 -1.23587944e+00  1.21378492e-01 -2.30860360e+00  2.44497532e-01 
 1.86208714e+01  1.12972845e-02  1.24161451e-01  1.12983463e-02  1.24065694e-01 -1.27059805e+00  1.26836172e-01 -2.37342372e+00  2.55405795e-01 
 1.88364909e+01  1.16787069e-02  1.26207560e-01  1.16798541e-02  1.26111216e-01 -1.30646076e+00  1.32574529e-01 -2.44037779e+00  2.66869589e-01 
 1.90546072e+01  1.20764589e-02  1.28304597e-01  1.20776974e-02  1.28207681e-01 -1.34351481e+00  1.38610608e-01 -2.50955374e+00  2.78922299e-01 
 1.92752491e+01  1.24914457e-02  1.30454535e-01  1.24927821e-02  1.30357067e-01 -1.38180989e+00  1.44962688e-01 -2.58104414e+00  2.91599709e-01 
 1.94984460e+01  1.29246357e-02  1.32659456e-01  1.29260768e-02  1.32561454e-01 -1.42139838e+00  1.51650392e-01 -2.65494649e+00  3.04940209e-01 
 1.97242274e+01  1.33770660e-02  1.34921553e-01  1.33786194e-02  1.34823039e-01 -1.46233549e+00  1.58694803e-01 -2.73136355e+00  3.18985021e-01 
 1.99526231e+01  1.38498480e-02  1.37243136e-01  1.38515216e-02  1.37144133e-01 -1.50467946e+00  1.66118593e-01 -2.81040374e+00  3.33778442e-01 
 2.01836636e+01  1.43441743e-02  1.39626647e-01  1.43459767e-02  1.39527180e-01 -1.54849176e+00  1.73946165e-01 -2.89218146e+00  3.49368126e-01 
 2.04173794e+01  1.48613252e-02  1.42074662e-01  1.48632659e-02  1.41974757e-01 -1.59383732e+00  1.82203814e-01 -2.97681755e+00  3.65805380e-01 
 2.06538016e+01  1.54026774e-02  1.44589905e-01  1.54047663e-02  1.44489590e-01 -1.64078478e+00  1.90919895e-01 -3.06443972e+00  3.83145501e-01 
 2.08929613e+01  1.59697122e-02  1.47175253e-01  1.59719600e-02  1.47074560e-01 -1.68940675e+00  2.00125018e-01 -3.15518304e+00  4.01448145e-01 
 2.11348904e+01  1.65640251e-02  1.49833753e-01  1.65664436e-02  1.49732716e-01 -1.73978007e+00  2.09852265e-01 -3.24919046e+00  4.20777737e-01 
 2.13796209e+01  1.71873368e-02  1.52568633e-01  1.71899384e-02  1.52467287e-01 -1.79198617e+00  2.20137421e-01 -3.34661340e+00  4.41203927e-01 
 2.16271852e+01  1.78415049e-02  1.55383310e-01  1.78443033e-02  1.55281694e-01 -1.84611136e+00  2.31019243e-01 -3.44761235e+00  4.62802095e-01 
 2.18776162e+01  1.85285371e-02  1.58281411e-01  1.85315469e-02  1.58179565e-01 -1.90224720e+00  2.42539752e-01 -3.55235758e+00  4.85653915e-01 
 2.21309471e+01  1.92506061e-02  1.61266783e-01  1.92538432e-02  1.61164753e-01 -1.96049092e+00  2.54744561e-01 -3.66102982e+00  5.09847983e-01 
 2.23872114e+01  2.00100656e-02  1.64343514e-01  2.00135472e-02  1.64241346e-01 -2.02094586e+00  2.67683241e-01 -3.77382110e+00  5.35480520e-01 
 2.26464431e+01  2.08094690e-02  1.67515947e-01  2.08132138e-02  1.67413693e-01 -2.08372190e+00  2.81409734e-01 -3.89093563e+00  5.62656152e-01 
 2.29086765e+01  2.16515898e-02  1.70788705e-01  2.16556178e-02  1.70686420e-01 -2.14893601e+00  2.95982808e-01 -4.01259073e+00  5.91488799e-01 
 2.31739465e+01  2.25394444e-02  1.74166708e-01  2.25437776e-02  1.74064450e-01 -2.21671281e+00  3.11466578e-01 -4.13901785e+00  6.22102650e-01 
 2.34422882e+01  2.34763179e-02  1.77655199e-01  2.34809803e-02  1.77553033e-01 -2.28718517e+00  3.27931085e-01 -4.27046377e+00  6.54633286e-01 
 2.37137371e+01  2.44657935e-02  1.81259772e-01  2.44708109e-02  1.81157763e-01 -2.36049490e+00  3.45452953e-01 -4.40719176e+00  6.89228921e-01 
 2.39883292e+01  2.55117848e-02  1.84986393e-01  2.55171855e-02  1.84884616e-01 -2.43679349e+00  3.64116124e-01 -4.54948301e+00  7.26051819e-01 
 2.42661010e+01  2.66185727e-02  1.88841440e-01  2.66243874e-02  1.88739973e-01 -2.51624289e+00  3.84012703e-01 -4.69763808e+00  7.65279889e-01 
 2.45470892e+01  2.77908474e-02  1.92831731e-01  2.77971098e-02  1.92730658e-01 -2.59901644e+00  4.05243900e-01 -4.85197855e+00  8.07108493e-01 
 2.48313311e+01  2.90337556e-02  1.96964563e-01  2.90405025e-02  1.96863973e-01 -2.68529982e+00  4.27921111e-01 -5.01284880e+00  8.51752505e-01 
 2.51188643e+01  3.03529546e-02  2.01247751e-01  3.03602260e-02  2.01147741e-01 -2.77529212e+00  4.52167146e-01 -5.18061797e+00  8.99448642e-01 
 2.54097271e+01  3.17546728e-02  2.05689674e-01  3.17625129e-02  2.05590348e-01 -2.86920702e+00  4.78117629e-01 -5.35568214e+00  9.50458134e-01 
 2.57039578e+01  3.32457806e-02  2.10299323e-01  3.32542376e-02  2.10200794e-01 -2.96727407e+00  5.05922601e-01 -5.53846670e+00  1.00506977e+00 
 2.60015956e+01  3.48338695e-02  2.15086357e-01  3.48429964e-02  2.14988744e-01 -3.06974017e+00  5.35748353e-01 -5.72942893e+00  1.06360339e+00 
 2.63026799e+01  3.65273442e-02  2.20061154e-01  3.65371995e-02  2.19964587e-01 -3.17687105e+00  5.67779539e-01 -5.92906091e+00  1.12641388e+00 
 2.66072506e+01  3.83355276e-02  2.25234884e-01  3.83461756e-02  2.25139502e-01 -3.28895306e+00  6.02221603e-01 -6.13789263e+00  1.19389581e+00 
 2.69153480e+01  4.02687826e-02  2.30619573e-01  4.02802943e-02  2.30525525e-01 -3.40629505e+00  6.39303587e-01 -6.35649550e+00  1.26648874e+00 
 2.72270131e+01  4.23386517e-02  2.36228181e-01  4.23511056e-02  2.36135629e-01 -3.52923043e+00  6.79281378e-01 -6.58548609e+00  1.34468337e+00 
 2.75422870e+01  4.45580196e-02  2.42074686e-01  4.45715026e-02  2.41983805e-01 -3.65811952e+00  7.22441477e-01 -6.82553037e+00  1.42902872e+00 
 2.78612117e+01  4.69413018e-02  2.48174175e-01  4.69559103e-02  2.48085152e-01 -3.79335200e+00  7.69105391e-01 -7.07734823e+00  1.52014041e+00 
 2.81838293e+01  4.95046635e-02  2.54542941e-01  4.95205048e-02  2.54455979e-01 -3.93534969e+00  8.19634755e-01 -7.34171850e+00  1.61871039e+00 
 2.85101827e+01  5.22662768e-02  2.61198591e-01  5.22834702e-02  2.61113910e-01 -4.08456960e+00  8.74437333e-01 -7.61948438e+00  1.72551826e+00 
 2.88403150e+01  5.52466203e-02  2.68160159e-01  5.52652991e-02  2.68077996e-01 -4.24150713e+00  9.33974061e-01 -7.91155937e+00  1.84144460e+00 
 2.91742701e+01  5.84688320e-02  2.75448231e-01  5.84891451e-02  2.75368841e-01 -4.40669968e+00  9.98767343e-01 -8.21893362e+00  1.96748667e+00 
 2.95120923e+01  6.19591251e-02  2.83085068e-01  6.19812397e-02  2.83008728e-01 -4.58073046e+00  1.06941086e+00 -8.54268077e+00  2.10477688e+00 
 2.98538262e+01  6.57472796e-02  2.91094744e-01  6.57713834e-02  2.91021755e-01 -4.76423250e+00  1.14658120e+00 -8.88396519e+00  2.25460475e+00 
 3.01995172e+01  6.98672248e-02  2.99503280e-01  6.98935293e-02  2.99433967e-01 -4.95789300e+00  1.23105165e+00 -9.24404953e+00  2.41844297e+00 
 3.05492111e+01  7.43577331e-02  3.08338776e-01  7.43864770e-02  3.08273494e-01 -5.16245769e+00  1.32370874e+00 -9.62430245e+00  2.59797847e+00 
 3.09029543e+01  7.92632471e-02  3.17631539e-01  7.92947010e-02  3.17570669e-01 -5.37873529e+00  1.42557197e+00 -1.00262062e+01  2.79514962e+00 
 3.12607937e+01  8.46348716e-02  3.27414185e-01  8.46693425e-02  3.27358144e-01 -5.60760175e+00  1.53781749e+00 -1.04513641e+01  3.01219080e+00 
 3.16227766e+01  9.05315634e-02  3.37721709e-01  9.05694011e-02  3.37670950e-01 -5.85000400e+00  1.66180679e+00 -1.09015060e+01  3.25168622e+00 
 3.19889511e+01  9.70215663e-02  3.48591508e-01  9.70631706e-02  3.48546521e-01 -6.10696288e+00  1.79912117e+00 -1.13784933e+01  3.51663478e+00 
 3.23593657e+01  1.04184145e-01  3.60063302e-01  1.04229974e-01  3.60024621e-01 -6.37957437e+00  1.95160375e+00 -1.18843194e+01  3.81052879e+00 
 3.27340695e+01  1.12111685e-01  3.72178937e-01  1.12162266e-01  3.72147142e-01 -6.66900835e+00  2.12141049e+00 -1.24211060e+01  4.13744959e+00 
 3.31131121e+01  1.20912248e-01  3.84981984e-01  1.20968188e-01  3.84957703e-01 -6.97650337e+00  2.31107238e+00 -1.29910910e+01  4.50218410e+00 
 3.34965439e+01  1.30712672e-01  3.98517044e-01  1.30774675e-01  3.98500961e-01 -7.30335534e+00  2.52357162e+00 -1.35966045e+01  4.91036714e+00 
 3.38844156e+01  1.41662360e-01  4.12828641e-01  1.41731245e-01  4.12821493e-01 -7.65089715e+00  2.76243474e+00 -1.42400283e+01  5.36865547e+00 
 3.42767787e+01  1.53937889e-01  4.27959473e-01  1.54014610e-01  4.27962058e-01 -8.02046473e+00  3.03184686e+00 -1.49237275e+01  5.88494083e+00 
 3.46736850e+01  1.67748621e-01  4.43947784e-01  1.67834297e-01  4.43960958e-01 -8.41334309e+00  3.33679156e+00 -1.56499452e+01  6.46861047e+00 
 3.50751874e+01  1.83343509e-01  4.60823420e-01  1.83439456e-01  4.60848096e-01 -8.83068307e+00  3.68322186e+00 -1.64206407e+01  7.13086496e+00 
 3.54813389e+01  2.01019302e-01  4.78601997e-01  2.01127072e-01  4.78639144e-01 -9.27337489e+00  4.07826810e+00 -1.72372453e+01  7.88510372e+00 
 3.58921935e+01  2.21130314e-01  4.97276358e-01  2.21251746e-01  4.97326985e-01 -9.74185884e+00  4.53048849e+00 -1.81002988e+01  8.74738853e+00 
 3.63078055e+01  2.44099858e-01  5.16804094e-01  2.44237139e-01  5.16869235e-01 -1.02358441e+01  5.05016633e+00 -1.90089128e+01  9.73699151e+00 
 3.67282300e+01  2.70433210e-01  5.37089443e-01  2.70588948e-01  5.37170124e-01 -1.07538946e+01  5.64965387e+00 -1.99599822e+01  1.08770260e+01 
 3.71535229e+01  3.00731496e-01  5.57957152e-01  3.00908806e-01  5.58054341e-01 -1.12928225e+01  6.34375258e+00 -2.09470356e+01  1.21951395e+01 
 3.75837404e+01  3.35705054e-01  5.79115008e-01  3.35907669e-01  5.79229533e-01 -1.18468073e+01  7.15010004e+00 -2.19585707e+01  1.37242095e+01 
 3.80189396e+01  3.76183147e-01  6.00100655e-01  3.76415530e-01  6.00233088e-01 -1.24061304e+01  8.08949605e+00 -2.29756701e+01  1.55029130e+01 
 3.84591782e+01  4.23114028e-01  6.20207296e-01  4.23381505e-01  6.20357768e-01 -1.29553827e+01  9.18603244e+00 -2.39686363e+01  1.75759099e+01 
 3.89045145e+01  4.77544449e-01  6.38382467e-01  4.77853338e-01  6.38550405e-01 -1.34709878e+01  1.04667738e+01 -2.48923586e+01  1.99931620e+01 
 3.93550075e+01  5.40559939e-01  6.53095755e-01  5.40917646e-01  6.53279499e-01 -1.39179083e+01  1.19605452e+01 -2.56801769e+01  2.28075497e+01 
 3.98107171e+01  6.13155836e-01  6.62178105e-01  6.13570869e-01  6.62374383e-01 -1.42455474e+01  1.36950993e+01 -2.62362917e+01  2.60694233e+01 
 4.02717034e+01  6.95995539e-01  6.62652721e-01  6.96477355e-01  6.62855951e-01 -1.43832526e+01  1.56915772e+01 -2.64275177e+01  2.98160669e+01 
 4.07380278e+01  7.89003244e-01  6.50613744e-01  7.89561780e-01  6.50815181e-01 -1.42366865e+01  1.79548949e+01 -2.60767994e+01  3.40535512e+01 
 4.12097519e+01  8.90752205e-01  6.21271045e-01  8.91396910e-01  6.21457880e-01 -1.36878503e+01  2.04589114e+01 -2.49637508e+01  3.87289223e+01 
 4.16869383e+01  9.97683342e-01  5.69359634e-01  9.98421524e-01  5.69514315e-01 -1.26036101e+01  2.31268744e+01 -2.28412937e+01  4.36938212e+01 
 4.21696503e+01  1.10336908e+00  4.90155156e-01  1.10420351e+00  4.90255429e-01 -1.08589182e+01  2.58119110e+01 -1.94798525e+01  4.86686758e+01 
 4.26579519e+01  1.19831847e+00  3.81208353e-01  1.19924462e+00  3.81228669e-01 -8.37831205e+00  2.82893330e+01 -1.47454233e+01  5.32296577e+01 
 4.31519077e+01  1.27101673e+00  2.44450674e-01  1.27202048e+00  2.44365449e-01 -5.18849495e+00  3.02780723e+01 -8.69745378e+00  5.68506294e+01 
 4.36515832e+01  1.31058447e+00  8.76121433e-02  1.31164187e+00  8.74005207e-02 -1.45712694e+00  3.15023742e+01 -1.65952078e+00  5.90201189e+01 
 4.41570447e+01  1.31036129e+00 -7.64198010e-02  1.31144123e+00 -7.67692028e-02  2.51645179e+00  3.17793388e+01  5.80098447e+00  5.94051583e+01 
 4.46683592e+01  1.27052465e+00 -2.32745128e-01  1.27159409e+00 -2.33231643e-01  6.37255064e+00  3.10875170e+01  1.30088943e+01  5.79775276e+01 
 4.51855944e+01  1.19799708e+00 -3.68698970e-01  1.19902682e+00 -3.69310755e-01  9.79374298e+00  2.95720081e+01  1.93738462e+01  5.50198902e+01 
 4.57088190e+01  1.10371445e+00 -4.76859843e-01  1.10468308e+00 -4.77577551e-01  1.25821404e+01  2.74837656e+01  2.45331535e+01  5.10094081e+01 
 4.62381021e+01  9.99068504e-01 -5.55537961e-01  9.99963574e-01 -5.56339302e-01  1.46773137e+01  2.50946358e+01  2.83825754e+01  4.64578329e+01 
 4.67735141e+01  8.93352378e-01 -6.07288796e-01  8.94169287e-01 -6.08152256e-01  1.61248513e+01  2.26331785e+01  3.10152194e+01  4.17922134e+01 
 4.73151259e+01  7.92814075e-01 -6.36825475e-01  7.93553921e-01 -6.37732478e-01  1.70276420e+01  2.02582315e+01  3.26293103e+01  3.73069523e+01 
 4.78630092e+01  7.00893409e-01 -6.49337569e-01  7.01560782e-01 -6.50273250e-01  1.75049152e+01  1.80617230e+01  3.34514811e+01  3.31704449e+01 
 4.84172368e+01  6.18959253e-01 -6.49522493e-01  6.19560500e-01 -6.50475591e-01  1.76676058e+01  1.60847811e+01  3.36911169e+01  2.94561088e+01 
 4.89778819e+01  5.47074136e-01 -6.41202972e-01  5.47616184e-01 -6.42165298e-01  1.76078072e+01  1.43355148e+01  3.35211720e+01  2.61760767e+01 
 4.95450191e+01  4.84587340e-01 -6.27292198e-01  4.85076994e-01 -6.28258009e-01  1.73969071e+01  1.28032594e+01  3.30751489e+01  2.33079694e+01 
 5.01187234e+01  4.30528093e-01 -6.09915526e-01  4.30971670e-01 -6.10880927e-01  1.70878431e+01  1.14682704e+01  3.24516526e+01  2.08129972e+01 
 5.06990708e+01  3.83838634e-01 -5.90575997e-01  3.84241806e-01 -5.91538456e-01  1.67186936e+01  1.03076303e+01  3.17213185e+01  1.86469173e+01 
 5.12861384e+01  3.43498591e-01 -5.70310680e-01  3.43866348e-01 -5.71268640e-01  1.63162329e+01  9.29851874e+00  3.09335901e+01  1.67660459e+01 
 5.18800039e+01  3.08582729e-01 -5.49819127e-01  3.08919414e-01 -5.50771727e-01  1.58989304e+01  8.41982747e+00  3.01223954e+01  1.51301863e+01 
 5.24807460e+01  2.78280908e-01 -5.29561686e-01  2.78590272e-01 -5.30508550e-01  1.54792874e+01  7.65281100e+00  2.93105500e+01  1.37037717e+01 
 5.30884444e+01  2.51898194e-01 -5.09831740e-01  2.52183470e-01 -5.10772825e-01  1.50655789e+01  6.98121439e+00  2.85130286e+01  1.24560459e+01 
 5.37031796e+01  2.28845628e-01 -4.90807500e-01  2.29109596e-01 -4.91742989e-01  1.46631191e+01  6.39113980e+00  2.77393324e+01  1.13607716e+01 
 5.43250331e+01  2.08627413e-01 -4.72588581e-01  2.08872468e-01 -4.73518808e-01  1.42751656e+01  5.87080081e+00  2.69951769e+01  1.03957390e+01 
 5.49540874e+01  1.90827545e-01 -4.55221580e-01  1.91055752e-01 -4.56146974e-01  1.39035596e+01  5.41024395e+00  2.62836823e+01  9.54222252e+00 
 5.55904257e+01  1.75097303e-01 -4.38717845e-01  1.75310449e-01 -4.39638895e-01  1.35491758e+01  5.00107776e+00  2.56062094e+01  8.78445774e+00 
 5.62341325e+01  1.61144195e-01 -4.23065760e-01  1.61343826e-01 -4.23982985e-01  1.32122378e+01  4.63622729e+00  2.49629417e+01  8.10917055e+00 
 5.68852931e+01  1.48722478e-01 -4.08239195e-01  1.48909940e-01 -4.09153130e-01  1.28925386e+01  4.30972019e+00  2.43532923e+01  7.50516863e+00 
 5.75439937e+01  1.37625200e-01 -3.94203295e-01  1.37801667e-01 -3.95114475e-01  1.25895936e+01  4.01650460e+00  2.37761843e+01  6.96299494e+00 
 5.82103218e+01  1.27677574e-01 -3.80918413e-01  1.27844074e-01 -3.81827367e-01  1.23027474e+01  3.75229624e+00  2.32302459e+01  6.47463742e+00 
 5.88843655e+01  1.18731515e-01 -3.68342756e-01  1.18888949e-01 -3.69250000e-01  1.20312464e+01  3.51345112e+00  2.27139430e+01  6.03328786e+00 
 5.95662144e+01  1.10661137e-01 -3.56434150e-01  1.10810299e-01 -3.57340185e-01  1.17742897e+01  3.29686004e+00  2.22256702e+01  5.63314241e+00 
 6.02559586e+01  1.03359056e-01 -3.45151176e-01  1.03500647e-01 -3.46056486e-01  1.15310624e+01  3.09986137e+00  2.17638116e+01  5.26923692e+00 
 6.09536897e+01  9.67333478e-02 -3.34453894e-01  9.68679912e-02 -3.35358943e-01  1.13007589e+01  2.92016896e+00  2.13267802e+01  4.93731096e+00 
 6.16595002e+01  9.07050517e-02 -3.24304266e-01  9.08332997e-02 -3.25209501e-01  1.10825968e+01  2.75581256e+00  2.09130441e+01  4.63369566e+00 
 6.23734835e+01  8.52061041e-02 -3.14666387e-01  8.53284493e-02 -3.15572235e-01  1.08758267e+01  2.60508845e+00  2.05211410e+01  4.35522085e+00 
 6.30957344e+01  8.01776363e-02 -3.05506577e-01  8.02945192e-02 -3.06413448e-01  1.06797366e+01  2.46651855e+00  2.01496874e+01  4.09913815e+00 
 6.38263486e+01  7.55685630e-02 -2.96793385e-01  7.56803783e-02 -2.97701672e-01  1.04936551e+01  2.33881636e+00  1.97973816e+01  3.86305704e+00 
 6.45654229e+01  7.13344092e-02 -2.88497539e-01  7.14415116e-02 -2.89407617e-01  1.03169519e+01  2.22085856e+00  1.94630046e+01  3.64489167e+00 
 6.53130553e+01  6.74363332e-02 -2.80591853e-01  6.75390420e-02 -2.81504083e-01  1.01490371e+01  2.11166134e+00  1.91454182e+01  3.44281633e+00 
 6.60693448e+01  6.38403088e-02 -2.73051121e-01  6.39389124e-02 -2.73965849e-01  9.98936042e+00  2.01036043e+00  1.88435620e+01  3.25522819e+00 
 6.68343918e+01  6.05164408e-02 -2.65851994e-01  6.06111999e-02 -2.66769552e-01  9.83740927e+00  1.91619441e+00  1.85564499e+01  3.08071599e+00 
 6.76082975e+01  5.74383875e-02 -2.58972854e-01  5.75295386e-02 -2.59893563e-01  9.69270664e+00  1.82849057e+00  1.82831653e+01  2.91803362e+00 
 6.83911647e+01  5.45828747e-02 -2.52393694e-01  5.46706325e-02 -2.53317861e-01  9.55480903e+00  1.74665296e+00  1.80228574e+01  2.76607776e+00 
 6.91830971e+01  5.19292830e-02 -2.46095996e-01  5.20138428e-02 -2.47023918e-01  9.42330432e+00  1.67015224e+00  1.77747361e+01  2.62386893e+00 
 6.99841996e+01  4.94592982e-02 -2.40062613e-01  4.95408381e-02 -2.40994578e-01  9.29780950e+00  1.59851704e+00  1.75380681e+01  2.49053538e+00 
 7.07945784e+01  4.71566129e-02 -2.34277668e-01  4.72352954e-02 -2.35213953e-01  9.17796870e+00  1.53132657e+00  1.73121724e+01  2.36529929e+00 
 7.16143410e+01  4.50066718e-02 -2.28726447e-01  4.50826454e-02 -2.29667320e-01  9.06345108e+00  1.46820434e+00  1.70964167e+01  2.24746503e+00 
 7.24435960e+01  4.29964529e-02 -2.23395306e-01  4.30698538e-02 -2.24341029e-01  8.95394902e+00  1.40881268e+00  1.68902133e+01  2.13640899e+00 
 7.32824533e+01  4.11142806e-02 -2.18271589e-01  4.11852333e-02 -2.19222416e-01  8.84917636e+00  1.35284807e+00  1.66930162e+01  2.03157090e+00 
 7.41310241e+01  3.93496631e-02 -2.13343544e-01  3.94182820e-02 -2.14299720e-01  8.74886668e+00  1.30003714e+00  1.65043171e+01  1.93244631e+00 
 7.49894209e+01  3.76931531e-02 -2.08600248e-01  3.77595432e-02 -2.09562015e-01  8.65277188e+00  1.25013315e+00  1.63236432e+01  1.83858008e+00 
 7.58577575e+01  3.61362265e-02 -2.04031547e-01  3.62004845e-02 -2.04999139e-01  8.56066067e+00  1.20291292e+00  1.61505538e+01  1.74956071e+00 
 7.67361489e+01  3.46711774e-02 -1.99627987e-01  3.47333922e-02 -2.00601634e-01  8.47231734e+00  1.15817424e+00  1.59846384e+01  1.66501547e+00 
 7.76247117e+01  3.32910261e-02 -1.95380762e-01  3.33512796e-02 -1.96360689e-01  8.38754053e+00  1.11573354e+00  1.58255138e+01  1.58460606e+00 
 7.85235635e+01  3.19894396e-02 -1.91281662e-01  3.20478070e-02 -1.92268089e-01  8.30614213e+00  1.07542386e+00  1.56728222e+01  1.50802491e+00 
 7.94328235e+01  3.07606610e-02 -1.87323025e-01  3.08172119e-02 -1.88316168e-01  8.22794630e+00  1.03709310e+00  1.55262296e+01  1.43499186e+00 
 8.03526122e+01  2.95994487e-02 -1.83497695e-01  2.96542471e-02 -1.84497767e-01  8.15278847e+00  1.00060244e+00  1.53854233e+01  1.36525130e+00 
 8.12830516e+01  2.85010221e-02 -1.79798984e-01  2.85541271e-02 -1.80806194e-01  8.08051459e+00  9.65825003e-01  1.52501109e+01  1.29856962e+00 
 8.22242650e+01  2.74610143e-02 -1.76220631e-01  2.75124804e-02 -1.77235185e-01  8.01098025e+00  9.32644634e-01  1.51200183e+01  1.23473297e+00 
 8.31763771e+01  2.64754299e-02 -1.72756776e-01  2.65253073e-02 -1.73778878e-01  7.94405001e+00  9.00954823e-01  1.49948888e+01  1.17354529e+00 
 8.41395142e+01  2.55406083e-02 -1.69401927e-01  2.55889431e-02 -1.70431777e-01  7.87959675e+00  8.70657767e-01  1.48744812e+01  1.11482654e+00 
 8.51138038e+01  2.46531902e-02 -1.66150932e-01  2.47000251e-02 -1.67188729e-01  7.81750103e+00  8.41663527e-01  1.47585695e+01  1.05841116e+00 
 8.60993752e+01  2.38100890e-02 -1.62998953e-01  2.38554633e-02 -1.64044893e-01  7.75765058e+00  8.13889283e-01  1.46469410e+01  1.00414668e+00 
 8.70963590e+01  2.30084647e-02 -1.59941446e-01  2.30524142e-02 -1.60995725e-01  7.69993974e+00  7.87258664e-01  1.45393957e+01  9.51892493e-01 
 8.81048873e+01  2.22457004e-02 -1.56974138e-01  2.22882583e-02 -1.58036949e-01  7.64426903e+00  7.61701157e-01  1.44357455e+01  9.01518741e-01 
 8.91250938e+01  2.15193820e-02 -1.54093008e-01  2.15605787e-02 -1.55164543e-01  7.59054469e+00  7.37151574e-01  1.43358132e+01  8.52905342e-01 
 9.01571138e+01  2.08272798e-02 -1.51294269e-01  2.08671429e-02 -1.52374718e-01  7.53867830e+00  7.13549573e-01  1.42394317e+01  8.05941113e-01 
 9.12010839e+01  2.01673314e-02 -1.48574351e-01  2.02058863e-02 -1.49663905e-01  7.48858642e+00  6.90839235e-01  1.41464436e+01  7.60522970e-01 
 9.22571427e+01  1.95376276e-02 -1.45929888e-01  1.95748972e-02 -1.47028735e-01  7.44019023e+00  6.68968676e-01  1.40567000e+01  7.16555228e-01 
 9.33254301e+01  1.89363984e-02 -1.43357702e-01  1.89724036e-02 -1.44466030e-01  7.39341522e+00  6.47889704e-01  1.39700605e+01  6.73948954e-01 
 9.44060876e+01  1.83620013e-02 -1.40854792e-01  1.83967611e-02 -1.41972789e-01  7.34819093e+00  6.27557505e-01  1.38863923e+01  6.32621400e-01 
 9.54992586e+01  1.78129106e-02 -1.38418320e-01  1.78464417e-02 -1.39546172e-01  7.30445067e+00  6.07930362e-01  1.38055698e+01  5.92495474e-01 
 9.66050879e+01  1.72877072e-02 -1.36045602e-01  1.73200249e-02 -1.37183497e-01  7.26213126e+00  5.88969404e-01  1.37274741e+01  5.53499281e-01 
 9.77237221e+01  1.67850703e-02 -1.33734097e-01  1.68161877e-02 -1.34882221e-01  7.22117282e+00  5.70638370e-01  1.36519927e+01  5.15565688e-01 
 9.88553095e+01  1.63037688e-02 -1.31481399e-01  1.63336979e-02 -1.32639939e-01  7.18151855e+00  5.52903404e-01  1.35790188e+01  4.78631947e-01 
 1.00000000e+02  1.58426546e-02 -1.29285227e-01  1.58714054e-02 -1.30454370e-01  7.14311455e+00  5.35732863e-01  1.35084512e+01  4.42639338e-01 
 1.01157945e+02  1.54006559e-02 -1.27143417e-01  1.54282370e-02 -1.28323350e-01  7.10590963e+00  5.19097147e-01  1.34401939e+01  4.07532859e-01 
 1.02329299e+02  1.49767707e-02 -1.25053917e-01  1.50031895e-02 -1.26244827e-01  7.06985513e+00  5.02968542e-01  1.33741557e+01  3.73260930e-01 
 1.03514217e+02  1.45700622e-02 -1.23014777e-01  1.45953245e-02 -1.24216851e-01  7.03490478e+00  4.87321074e-01  1.33102501e+01  3.39775131e-01 
 1.04712855e+02  1.41796532e-02 -1.21024145e-01  1.42037635e-02 -1.22237571e-01  7.00101457e+00  4.72130383e-01  1.32483945e+01  3.07029966e-01 
 1.05925373e+02  1.38047219e-02 -1.19080258e-01  1.38276834e-02 -1.20305225e-01  6.96814258e+00  4.57373599e-01  1.31885108e+01  2.74982637e-01 
 1.07151931e+02  1.34444976e-02 -1.17181440e-01  1.34663123e-02 -1.18418138e-01  6.93624888e+00  4.43029237e-01  1.31305244e+01  2.43592848e-01 
 1.08392691e+02  1.30982570e-02 -1.15326098e-01  1.31189258e-02 -1.16574715e-01  6.90529540e+00  4.29077097e-01  1.30743643e+01  2.12822618e-01 
 1.09647820e+02  1.27653207e-02 -1.13512711e-01  1.27848433e-02 -1.14773439e-01  6.87524583e+00  4.15498169e-01  1.30199629e+01  1.82636115e-01 
 1.10917482e+02  1.24450504e-02 -1.11739831e-01  1.24634253e-02 -1.13012862e-01  6.84606554e+00  4.02274554e-01  1.29672559e+01  1.52999499e-01 
 1.12201845e+02  1.21368452e-02 -1.10006079e-01  1.21540698e-02 -1.11291604e-01  6.81772142e+00  3.89389384e-01  1.29161816e+01  1.23880781e-01 
 1.13501082e+02  1.18401397e-02 -1.08310136e-01  1.18562104e-02 -1.09608351e-01  6.79018188e+00  3.76826751e-01  1.28666816e+01  9.52496930e-02 
 1.14815362e+02  1.15544012e-02 -1.06650747e-01  1.15693134e-02 -1.07961845e-01  6.76341668e+00  3.64571645e-01  1.28186997e+01  6.70775662e-02 
 1.16144861e+02  1.12791276e-02 -1.05026710e-01  1.12928756e-02 -1.06350888e-01  6.73739692e+00  3.52609888e-01  1.27721827e+01  3.93372215e-02 
 1.17489755e+02  1.10138452e-02 -1.03436879e-01  1.10264222e-02 -1.04774334e-01  6.71209494e+00  3.40928088e-01  1.27270794e+01  1.20028663e-02 
 1.18850223e+02  1.07581066e-02 -1.01880157e-01  1.07695051e-02 -1.03231088e-01  6.68748425e+00  3.29513577e-01  1.26833410e+01 -1.49499992e-02 
 1.20226443e+02  1.05114895e-02 -1.00355496e-01  1.05217007e-02 -1.01720102e-01  6.66353947e+00  3.18354374e-01  1.26409208e+01 -4.15446697e-02 
 1.21618600e+02  1.02735945e-02 -9.88618912e-02  1.02826090e-02 -1.00240374e-01  6.64023628e+00  3.07439133e-01  1.25997741e+01 -6.78033157e-02 
 1.23026877e+02  1.00440441e-02 -9.73983828e-02  1.00518512e-02 -9.87909458e-02  6.61755135e+00  2.96757110e-01  1.25598583e+01 -9.37470577e-02 
 1.24451461e+02  9.82248075e-03 -9.59640507e-02  9.82906899e-03 -9.73708983e-02  6.59546230e+00  2.86298121e-01  1.25211324e+01 -1.19396036e-01 
 1.25892541e+02  9.60856601e-03 -9.45580132e-02  9.61392297e-03 -9.59793514e-02  6.57394763e+00  2.76052507e-01  1.24835572e+01 -1.44769475e-01 
 1.27350308e+02  9.40197917e-03 -9.31794250e-02  9.40609149e-03 -9.46154619e-02  6.55298672e+00  2.66011107e-01  1.24470951e+01 -1.69885742e-01 
 1.28824955e+02  9.20241616e-03 -9.18274755e-02  9.20526958e-03 -9.32784208e-02  6.53255973e+00  2.56165223e-01  1.24117101e+01 -1.94762406e-01 
 1.30316678e+02  9.00958858e-03 -9.05013871e-02  9.01116788e-03 -9.19674523e-02  6.51264758e+00  2.46506595e-01  1.23773677e+01 -2.19416283e-01 
 1.31825674e+02  8.82322265e-03 -8.92004132e-02  8.82351173e-03 -9.06818116e-02  6.49323194e+00  2.37027374e-01  1.23440348e+01 -2.43863492e-01 
 1.33352143e+02  8.64305841e-03 -8.79238367e-02  8.64204022e-03 -8.94207837e-02  6.47429515e+00  2.27720101e-01  1.23116795e+01 -2.68119493e-01 
 1.34896288e+02  8.46884886e-03 -8.66709691e-02  8.46650544e-03 -8.81836820e-02  6.45582022e+00  2.18577681e-01  1.22802714e+01 -2.92199134e-01 
 1.36458314e+02  8.30035918e-03 -8.54411482e-02  8.29667165e-03 -8.69698465e-02  6.43779076e+00  2.09593365e-01  1.22497812e+01 -3.16116686e-01 
 1.38038426e+02  8.13736606e-03 -8.42337376e-02  8.13231459e-03 -8.57786428e-02  6.42019101e+00  2.00760730e-01  1.22201806e+01 -3.39885882e-01 
 1.39636836e+02  7.97965698e-03 -8.30481251e-02  7.97322081e-03 -8.46094609e-02  6.40300574e+00  1.92073661e-01  1.21914427e+01 -3.63519952e-01 
 1.41253754e+02  7.82702962e-03 -8.18837216e-02  7.81918706e-03 -8.34617140e-02  6.38622027e+00  1.83526333e-01  1.21635415e+01 -3.87031652e-01 
 1.42889396e+02  7.67929128e-03 -8.07399600e-02  7.67001968e-03 -8.23348373e-02  6.36982043e+00  1.75113200e-01  1.21364518e+01 -4.10433297e-01 
 1.44543977e+02  7.53625834e-03 -7.96162943e-02  7.52553407e-03 -8.12282869e-02  6.35379254e+00  1.66828975e-01  1.21101498e+01 -4.33736785e-01 
 1.46217717e+02  7.39775572e-03 -7.85121984e-02  7.38555422e-03 -8.01415394e-02  6.33812338e+00  1.58668618e-01  1.20846123e+01 -4.56953629e-01 
 1.47910839e+02  7.26361646e-03 -7.74271653e-02  7.24991217e-03 -7.90740901e-02  6.32280017e+00  1.50627327e-01  1.20598169e+01 -4.80094979e-01 
 1.49623566e+02  7.13368125e-03 -7.63607062e-02  7.11844761e-03 -7.80254528e-02  6.30781056e+00  1.42700521e-01  1.20357423e+01 -5.03171644e-01 
 1.51356125e+02  7.00779801e-03 -7.53123497e-02  6.99100745e-03 -7.69951587e-02  6.29314258e+00  1.34883831e-01  1.20123678e+01 -5.26194117e-01 
 1.53108746e+02  6.88582150e-03 -7.42816412e-02  6.86744545e-03 -7.59827558e-02  6.27878467e+00  1.27173092e-01  1.19896736e+01 -5.49172593e-01 
 1.54881662e+02  6.76761297e-03 -7.32681418e-02  6.74762180e-03 -7.49878079e-02  6.26472561e+00  1.19564328e-01  1.19676405e+01 -5.72116990e-01 
 1.56675107e+02  6.65303983e-03 -7.22714278e-02  6.63140287e-03 -7.40098940e-02  6.25095455e+00  1.12053751e-01  1.19462500e+01 -5.95036969e-01 
 1.58489319e+02  6.54197529e-03 -7.12910899e-02  6.51866079e-03 -7.30486077e-02  6.23746097e+00  1.04637742e-01  1.19254843e+01 -6.17941949e-01 
 1.60324539e+02  6.43429808e-03 -7.03267329e-02  6.40927321e-03 -7.21035567e-02  6.22423464e+00  9.73128528e-02  1.19053264e+01 -6.40841123e-01 
 1.62181010e+02  6.32989219e-03 -6.93779747e-02  6.30312300e-03 -7.11743618e-02  6.21126566e+00  9.00757939e-02  1.18857596e+01 -6.63743478e-01 
 1.64058977e+02  6.22864657e-03 -6.84444460e-02  6.20009797e-03 -7.02606568e-02  6.19854441e+00  8.29234279e-02  1.18667680e+01 -6.86657804e-01 
 1.65958691e+02  6.13045490e-03 -6.75257898e-02  6.10009066e-03 -6.93620875e-02  6.18606155e+00  7.58527636e-02  1.18483362e+01 -7.09592715e-01 
 1.67880402e+02  6.03521532e-03 -6.66216604e-02  6.00299805e-03 -6.84783116e-02  6.17380800e+00  6.88609502e-02  1.18304494e+01 -7.32556655e-01 
 1.69824365e+02  5.94283028e-03 -6.57317236e-02  5.90872135e-03 -6.76089980e-02  6.16177493e+00  6.19452712e-02  1.18130931e+01 -7.55557918e-01 
 1.71790839e+02  5.85320626e-03 -6.48556558e-02  5.81716584e-03 -6.67538263e-02  6.14995375e+00  5.51031393e-02  1.17962536e+01 -7.78604654e-01 
 1.73780083e+02  5.76625361e-03 -6.39931436e-02  5.72824061e-03 -6.59124866e-02  6.13833609e+00  4.83320918e-02  1.17799175e+01 -8.01704885e-01 
 1.75792361e+02  5.68188635e-03 -6.31438836e-02  5.64185839e-03 -6.50846787e-02  6.12691382e+00  4.16297855e-02  1.17640718e+01 -8.24866514e-01 
 1.77827941e+02  5.60002200e-03 -6.23075817e-02  5.55793541e-03 -6.42701121e-02  6.11567901e+00  3.49939929e-02  1.17487041e+01 -8.48097338e-01 
 1.79887092e+02  5.52058144e-03 -6.14839529e-02  5.47639119e-03 -6.34685053e-02  6.10462391e+00  2.84225980e-02  1.17338023e+01 -8.71405055e-01 
 1.81970086e+02  5.44348870e-03 -6.06727210e-02  5.39714839e-03 -6.26795856e-02  6.09374100e+00  2.19135925e-02  1.17193546e+01 -8.94797274e-01 
 1.84077200e+02  5.36867086e-03 -5.98736182e-02  5.32013268e-03 -6.19030889e-02  6.08302290e+00  1.54650729e-02  1.17053500e+01 -9.18281529e-01 
 1.86208714e+02  5.29605788e-03 -5.90863844e-02  5.24527260e-03 -6.11387590e-02  6.07246243e+00  9.07523664e-03  1.16917773e+01 -9.41865283e-01 
 1.88364909e+02  5.22558251e-03 -5.83107676e-02  5.17249941e-03 -6.03863476e-02  6.06205257e+00  2.74237974e-03  1.16786261e+01 -9.65555939e-01 
 1.90546072e+02  5.15718012e-03 -5.75465231e-02  5.10174696e-03 -5.96456139e-02  6.05178645e+00 -3.53510620e-03  1.16658861e+01 -9.89360847e-01 
 1.92752491e+02  5.09078859e-03 -5.67934132e-02  5.03295160e-03 -5.89163242e-02  6.04165735e+00 -9.75873638e-03  1.16535474e+01 -1.01328732e+00 
 1.94984460e+02  5.02634825e-03 -5.60512073e-02  4.96605203e-03 -5.81982519e-02  6.03165871e+00 -1.59299351e-02  1.16416005e+01 -1.03734261e+00 
 1.97242274e+02  4.96380168e-03 -5.53196811e-02  4.90098924e-03 -5.74911769e-02  6.02178410e+00 -2.20500379e-02  1.16300361e+01 -1.06153399e+00 
 1.99526231e+02  4.90309371e-03 -5.45986170e-02  4.83770636e-03 -5.67948858e-02  6.01202720e+00 -2.81202934e-02  1.16188452e+01 -1.08586866e+00 
 2.01836636e+02  4.84417127e-03 -5.38878033e-02  4.77614860e-03 -5.61091711e-02  6.00238185e+00 -3.41418648e-02  1.16080190e+01 -1.11035383e+00 
 2.04173794e+02  4.78698329e-03 -5.31870341e-02  4.71626312e-03 -5.54338315e-02  5.99284197e+00 -4.01158319e-02  1.15975492e+01 -1.13499671e+00 
 2.06538016e+02  4.73148065e-03 -5.24961095e-02  4.65799900e-03 -5.47686713e-02  5.98340162e+00 -4.60431921e-02  1.15874274e+01 -1.15980451e+00 
 2.08929613e+02  4.67761610e-03 -5.18148347e-02  4.60130710e-03 -5.41135004e-02  5.97405497e+00 -5.19248616e-02  1.15776458e+01 -1.18478441e+00 
 2.11348904e+02  4.62534414e-03 -5.11430204e-02  4.54614001e-03 -5.34681341e-02  5.96479626e+00 -5.77616767e-02  1.15681966e+01 -1.20994366e+00 
 2.13796209e+02  4.57462100e-03 -5.04804823e-02  4.49245199e-03 -5.28323929e-02  5.95561985e+00 -6.35543945e-02  1.15590723e+01 -1.23528950e+00 
 2.16271852e+02  4.52540452e-03 -4.98270410e-02  4.44019886e-03 -5.22061022e-02  5.94652020e+00 -6.93036937e-02  1.15502656e+01 -1.26082918e+00 
 2.18776162e+02  4.47765414e-03 -4.91825217e-02  4.38933795e-03 -5.15890922e-02  5.93749184e+00 -7.50101752e-02  1.15417695e+01 -1.28657002e+00 
 2.21309471e+02  4.43133079e-03 -4.85467544e-02  4.33982807e-03 -5.09811978e-02  5.92852939e+00 -8.06743626e-02  1.15335770e+01 -1.31251935e+00 
 2.23872114e+02  4.38639686e-03 -4.79195734e-02  4.29162939e-03 -5.03822584e-02  5.91962753e+00 -8.62967027e-02  1.15256815e+01 -1.33868455e+00 
 2.26464431e+02  4.34281613e-03 -4.73008170e-02  4.24470340e-03 -4.97921178e-02  5.91078105e+00 -9.18775653e-02  1.15180763e+01 -1.36507306e+00 
 2.29086765e+02  4.30055372e-03 -4.66903279e-02  4.19901290e-03 -4.92106237e-02  5.90198477e+00 -9.74172437e-02  1.15107551e+01 -1.39169238e+00 
 2.31739465e+02  4.25957603e-03 -4.60879527e-02  4.15452188e-03 -4.86376283e-02  5.89323361e+00 -1.02915954e-01  1.15037117e+01 -1.41855004e+00 
 2.34422882e+02  4.21985071e-03 -4.54935416e-02  4.11119551e-03 -4.80729874e-02  5.88452252e+00 -1.08373837e-01  1.14969400e+01 -1.44565368e+00 
 2.37137371e+02  4.18134662e-03 -4.49069487e-02  4.06900008e-03 -4.75165606e-02  5.87584654e+00 -1.13790953e-01  1.14904342e+01 -1.47301098e+00 
 2.39883292e+02  4.14403374e-03 -4.43280315e-02  4.02790295e-03 -4.69682115e-02  5.86720074e+00 -1.19167289e-01  1.14841883e+01 -1.50062971e+00 
 2.42661010e+02  4.10788319e-03 -4.37566512e-02  3.98787250e-03 -4.64278069e-02  5.85858024e+00 -1.24502750e-01  1.14781968e+01 -1.52851773e+00 
 2.45470892e+02  4.07286713e-03 -4.31926721e-02  3.94887813e-03 -4.58952172e-02  5.84998023e+00 -1.29797164e-01  1.14724541e+01 -1.55668299e+00 
 2.48313311e+02  4.03895878e-03 -4.26359618e-02  3.91089014e-03 -4.53703161e-02  5.84139593e+00 -1.35050280e-01  1.14669547e+01 -1.58513352e+00 
 2.51188643e+02  4.00613233e-03 -4.20863909e-02  3.87387977e-03 -4.48529805e-02  5.83282260e+00 -1.40261764e-01  1.14616933e+01 -1.61387747e+00 
 2.54097271e+02  3.97436295e-03 -4.15438331e-02  3.83781913e-03 -4.43430907e-02  5.82425554e+00 -1.45431202e-01  1.14566647e+01 -1.64292309e+00 
 2.57039578e+02  3.94362673e-03 -4.10081651e-02  3.80268113e-03 -4.38405297e-02  5.81569009e+00 -1.50558098e-01  1.14518636e+01 -1.67227873e+00 
 2.60015956e+02  3.91390067e-03 -4.04792662e-02  3.76843951e-03 -4.33451836e-02  5.80712161e+00 -1.55641871e-01  1.14472850e+01 -1.70195287e+00 
 2.63026799e+02  3.88516263e-03 -3.99570187e-02  3.73506877e-03 -4.28569414e-02  5.79854550e+00 -1.60681855e-01  1.14429239e+01 -1.73195411e+00 
 2.66072506e+02  3.85739130e-03 -3.94413073e-02  3.70254412e-03 -4.23756949e-02  5.78995719e+00 -1.65677296e-01  1.14387754e+01 -1.76229117e+00 
 2.69153480e+02  3.83056619e-03 -3.89320193e-02  3.67084150e-03 -4.19013384e-02  5.78135212e+00 -1.70627352e-01  1.14348344e+01 -1.79297293e+00 
 2.72270131e+02  3.80466761e-03 -3.84290446e-02  3.63993751e-03 -4.14337691e-02  5.77272578e+00 -1.75531092e-01  1.14310961e+01 -1.82400837e+00 
 2.75422870e+02  3.77967661e-03 -3.79322754e-02  3.60980938e-03 -4.09728866e-02  5.76407365e+00 -1.80387490e-01  1.14275558e+01 -1.85540663e+00 
 2.78612117e+02  3.75557500e-03 -3.74416062e-02  3.58043498e-03 -4.05185930e-02  5.75539123e+00 -1.85195430e-01  1.14242086e+01 -1.88717703e+00 
 2.81838293e+02  3.73234531e-03 -3.69569338e-02  3.55179276e-03 -4.00707929e-02  5.74667406e+00 -1.89953694e-01  1.14210498e+01 -1.91932899e+00 
 2.85101827e+02  3.70997074e-03 -3.64781572e-02  3.52386171e-03 -3.96293931e-02  5.73791767e+00 -1.94660971e-01  1.14180745e+01 -1.95187212e+00 
 2.88403150e+02  3.68843519e-03 -3.60051775e-02  3.49662139e-03 -3.91943027e-02  5.72911761e+00 -1.99315844e-01  1.14152781e+01 -1.98481621e+00 
 2.91742701e+02  3.66772321e-03 -3.55378977e-02  3.47005186e-03 -3.87654332e-02  5.72026943e+00 -2.03916796e-01  1.14126557e+01 -2.01817120e+00 
 2.95120923e+02  3.64781998e-03 -3.50762231e-02  3.44413365e-03 -3.83426981e-02  5.71136869e+00 -2.08462201e-01  1.14102027e+01 -2.05194720e+00 
 2.98538262e+02  3.62871132e-03 -3.46200607e-02  3.41884779e-03 -3.79260132e-02  5.70241098e+00 -2.12950326e-01  1.14079141e+01 -2.08615453e+00 
 3.01995172e+02  3.61038365e-03 -3.41693193e-02  3.39417572e-03 -3.75152960e-02  5.69339185e+00 -2.17379323e-01  1.14057852e+01 -2.12080367e+00 
 3.05492111e+02  3.59282396e-03 -3.37239098e-02  3.37009933e-03 -3.71104665e-02  5.68430688e+00 -2.21747231e-01  1.14038111e+01 -2.15590530e+00 
 3.09029543e+02  3.57601985e-03 -3.32837446e-02  3.34660089e-03 -3.67114463e-02  5.67515164e+00 -2.26051970e-01  1.14019869e+01 -2.19147032e+00 
 3.12607937e+02  3.55995944e-03 -3.28487379e-02  3.32366306e-03 -3.63181589e-02  5.66592171e+00 -2.30291337e-01  1.14003076e+01 -2.22750980e+00 
 3.16227766e+02  3.54463143e-03 -3.24188056e-02  3.30126885e-03 -3.59305300e-02  5.65661266e+00 -2.34463003e-01  1.13987683e+01 -2.26403504e+00 
 3.19889511e+02  3.53002503e-03 -3.19938651e-02  3.27940161e-03 -3.55484868e-02  5.64722004e+00 -2.38564511e-01  1.13973636e+01 -2.30105755e+00 
 3.23593657e+02  3.51613001e-03 -3.15738354e-02  3.25804501e-03 -3.51719585e-02  5.63773942e+00 -2.42593268e-01  1.13960885e+01 -2.33858905e+00 
 3.27340695e+02  3.50293660e-03 -3.11586371e-02  3.23718303e-03 -3.48008759e-02  5.62816636e+00 -2.46546545e-01  1.13949377e+01 -2.37664151e+00 
 3.31131121e+02  3.49043557e-03 -3.07481923e-02  3.21679992e-03 -3.44351715e-02  5.61849638e+00 -2.50421471e-01  1.13939057e+01 -2.41522711e+00 
 3.34965439e+02  3.47861816e-03 -3.03424243e-02  3.19688018e-03 -3.40747796e-02  5.60872504e+00 -2.54215028e-01  1.13929870e+01 -2.45435826e+00 
 3.38844156e+02  3.46747611e-03 -2.99412579e-02  3.17740858e-03 -3.37196361e-02  5.59884785e+00 -2.57924045e-01  1.13921760e+01 -2.49404763e+00 
 3.42767787e+02  3.45700161e-03 -2.95446194e-02  3.15837008e-03 -3.33696785e-02  5.58886032e+00 -2.61545197e-01  1.13914668e+01 -2.53430813e+00 
 3.46736850e+02  3.44718732e-03 -2.91524362e-02  3.13974987e-03 -3.30248459e-02  5.57875796e+00 -2.65074996e-01  1.13908534e+01 -2.57515290e+00 
 3.50751874e+02  3.43802638e-03 -2.87646371e-02  3.12153333e-03 -3.26850787e-02  5.56853625e+00 -2.68509789e-01  1.13903298e+01 -2.61659537e+00 
 3.54813389e+02  3.42951233e-03 -2.83811520e-02  3.10370600e-03 -3.23503192e-02  5.55819068e+00 -2.71845748e-01  1.13898895e+01 -2.65864921e+00 
 3.58921935e+02  3.42163920e-03 -2.80019121e-02  3.08625356e-03 -3.20205110e-02  5.54771669e+00 -2.75078868e-01  1.13895262e+01 -2.70132836e+00 
 3.63078055e+02  3.41440144e-03 -2.76268497e-02  3.06916184e-03 -3.16955991e-02  5.53710975e+00 -2.78204959e-01  1.13892332e+01 -2.74464702e+00 
 3.67282300e+02  3.40779391e-03 -2.72558984e-02  3.05241680e-03 -3.13755300e-02  5.52636527e+00 -2.81219641e-01  1.13890034e+01 -2.78861970e+00 
 3.71535229e+02  3.40181192e-03 -2.68889926e-02  3.03600445e-03 -3.10602517e-02  5.51547869e+00 -2.84118336e-01  1.13888297e+01 -2.83326114e+00 
 3.75837404e+02  3.39645120e-03 -2.65260680e-02  3.01991092e-03 -3.07497134e-02  5.50444539e+00 -2.86896262e-01  1.13887048e+01 -2.87858640e+00 
 3.80189396e+02  3.39170788e-03 -2.61670613e-02  3.00412239e-03 -3.04438659e-02  5.49326078e+00 -2.89548425e-01  1.13886209e+01 -2.92461082e+00 
 3.84591782e+02  3.38757852e-03 -2.58119100e-02  2.98862508e-03 -3.01426610e-02  5.48192021e+00 -2.92069611e-01  1.13885702e+01 -2.97135002e+00 
 3.89045145e+02  3.38406008e-03 -2.54605529e-02  2.97340524e-03 -2.98460523e-02  5.47041905e+00 -2.94454380e-01  1.13885443e+01 -3.01881994e+00 
 3.93550075e+02  3.38114992e-03 -2.51129294e-02  2.95844910e-03 -2.95539943e-02  5.45875264e+00 -2.96697058e-01  1.13885348e+01 -3.06703680e+00 
 3.98107171e+02  3.37884582e-03 -2.47689801e-02  2.94374291e-03 -2.92664430e-02  5.44691631e+00 -2.98791725e-01  1.13885327e+01 -3.11601714e+00 
 4.02717034e+02  3.37714597e-03 -2.44286462e-02  2.92927286e-03 -2.89833556e-02  5.43490537e+00 -3.00732210e-01  1.13885290e+01 -3.16577778e+00 
 4.07380278e+02  3.37604895e-03 -2.40918701e-02  2.91502510e-03 -2.87046906e-02  5.42271513e+00 -3.02512081e-01  1.13885139e+01 -3.21633588e+00 
 4.12097519e+02  3.37555373e-03 -2.37585947e-02  2.90098572e-03 -2.84304077e-02  5.41034087e+00 -3.04124631e-01  1.13884776e+01 -3.26770891e+00 
 4.16869383e+02  3.37565971e-03 -2.34287639e-02  2.88714068e-03 -2.81604679e-02  5.39777788e+00 -3.05562876e-01  1.13884098e+01 -3.31991463e+00 
 4.21696503e+02  3.37636669e-03 -2.31023223e-02  2.87347587e-03 -2.78948333e-02  5.38502143e+00 -3.06819536e-01  1.13882997e+01 -3.37297115e+00 
 4.26579519e+02  3.37767485e-03 -2.27792153e-02  2.85997700e-03 -2.76334673e-02  5.37206677e+00 -3.07887029e-01  1.13881361e+01 -3.42689689e+00 
 4.31519077e+02  3.37958481e-03 -2.24593889e-02  2.84662965e-03 -2.73763345e-02  5.35890916e+00 -3.08757461e-01  1.13879074e+01 -3.48171059e+00 
 4.36515832e+02  3.38209758e-03 -2.21427899e-02  2.83341923e-03 -2.71234007e-02  5.34554386e+00 -3.09422606e-01  1.13876016e+01 -3.53743132e+00 
 4.41570447e+02  3.38521458e-03 -2.18293659e-02  2.82033091e-03 -2.68746327e-02  5.33196610e+00 -3.09873904e-01  1.13872061e+01 -3.59407846e+00 
 4.46683592e+02  3.38893768e-03 -2.15190648e-02  2.80734968e-03 -2.66299987e-02  5.31817114e+00 -3.10102439e-01  1.13867078e+01 -3.65167175e+00 
 4.51855944e+02  3.39326912e-03 -2.12118354e-02  2.79446025e-03 -2.63894678e-02  5.30415422e+00 -3.10098930e-01  1.13860930e+01 -3.71023123e+00 
 4.57088190e+02  3.39821162e-03 -2.09076271e-02  2.78164707e-03 -2.61530106e-02  5.28991058e+00 -3.09853715e-01  1.13853477e+01 -3.76977729e+00 
 4.62381021e+02  3.40376831e-03 -2.06063896e-02  2.76889428e-03 -2.59205986e-02  5.27543550e+00 -3.09356737e-01  1.13844571e+01 -3.83033063e+00 
 4.67735141e+02  3.40994275e-03 -2.03080735e-02  2.75618571e-03 -2.56922044e-02  5.26072423e+00 -3.08597525e-01  1.13834059e+01 -3.89191230e+00 
 4.73151259e+02  3.41673899e-03 -2.00126297e-02  2.74350481e-03 -2.54678018e-02  5.24577207e+00 -3.07565183e-01  1.13821782e+01 -3.95454368e+00 
 4.78630092e+02  3.42416150e-03 -1.97200096e-02  2.73083469e-03 -2.52473657e-02  5.23057429e+00 -3.06248366e-01  1.13807574e+01 -4.01824646e+00 
 4.84172368e+02  3.43221524e-03 -1.94301652e-02  2.71815801e-03 -2.50308723e-02  5.21512623e+00 -3.04635267e-01  1.13791262e+01 -4.08304268e+00 
 4.89778819e+02  3.44090565e-03 -1.91430488e-02  2.70545701e-03 -2.48182987e-02  5.19942323e+00 -3.02713594e-01  1.13772668e+01 -4.14895470e+00 
 4.95450191e+02  3.45023867e-03 -1.88586131e-02  2.69271346e-03 -2.46096233e-02  5.18346067e+00 -3.00470553e-01  1.13751607e+01 -4.21600522e+00 
 5.01187234e+02  3.46022075e-03 -1.85768114e-02  2.67990863e-03 -2.44048253e-02  5.16723395e+00 -2.97892822e-01  1.13727883e+01 -4.28421726e+00 
 5.06990708e+02  3.47085885e-03 -1.82975972e-02  2.66702325e-03 -2.42038854e-02  5.15073852e+00 -2.94966535e-01  1.13701297e+01 -4.35361417e+00 
 5.12861384e+02  3.48216048e-03 -1.80209243e-02  2.65403747e-03 -2.40067851e-02  5.13396989e+00 -2.91677253e-01  1.13671640e+01 -4.42421962e+00 
 5.18800039e+02  3.49413373e-03 -1.77467469e-02  2.64093084e-03 -2.38135074e-02  5.11692360e+00 -2.88009940e-01  1.13638696e+01 -4.49605763e+00 
 5.24807460e+02  3.50678725e-03 -1.74750195e-02  2.62768228e-03 -2.36240360e-02  5.09959526e+00 -2.83948938e-01  1.13602239e+01 -4.56915251e+00 
 5.30884444e+02  3.52013031e-03 -1.72056967e-02  2.61427000e-03 -2.34383560e-02  5.08198057e+00 -2.79477939e-01  1.13562037e+01 -4.64352893e+00 
 5.37031796e+02  3.53417278e-03 -1.69387335e-02  2.60067151e-03 -2.32564535e-02  5.06407527e+00 -2.74579955e-01  1.13517847e+01 -4.71921185e+00 
 5.43250331e+02  3.54892522e-03 -1.66740851e-02  2.58686353e-03 -2.30783158e-02  5.04587521e+00 -2.69237287e-01  1.13469419e+01 -4.79622661e+00 
 5.49540874e+02  3.56439886e-03 -1.64117067e-02  2.57282198e-03 -2.29039312e-02  5.02737633e+00 -2.63431490e-01  1.13416493e+01 -4.87459882e+00 
 5.55904257e+02  3.58060565e-03 -1.61515538e-02  2.55852193e-03 -2.27332894e-02  5.00857468e+00 -2.57143343e-01  1.13358799e+01 -4.95435445e+00 
 5.62341325e+02  3.59755829e-03 -1.58935818e-02  2.54393753e-03 -2.25663811e-02  4.98946642e+00 -2.50352807e-01  1.13296057e+01 -5.03551981e+00 
 5.68852931e+02  3.61527027e-03 -1.56377463e-02  2.52904197e-03 -2.24031980e-02  4.97004784e+00 -2.43038988e-01  1.13227980e+01 -5.11812152e+00 
 5.75439937e+02  3.63375589e-03 -1.53840030e-02  2.51380743e-03 -2.22437334e-02  4.95031539e+00 -2.35180095e-01  1.13154266e+01 -5.20218657e+00 
 5.82103218e+02  3.65303037e-03 -1.51323076e-02  2.49820503e-03 -2.20879813e-02  4.93026567e+00 -2.26753398e-01  1.13074608e+01 -5.28774228e+00 
 5.88843655e+02  3.67310981e-03 -1.48826155e-02  2.48220473e-03 -2.19359372e-02  4.90989546e+00 -2.17735174e-01  1.12988683e+01 -5.37481634e+00 
 5.95662144e+02  3.69401130e-03 -1.46348823e-02  2.46577533e-03 -2.17875977e-02  4.88920173e+00 -2.08100665e-01  1.12896161e+01 -5.46343679e+00 
 6.02559586e+02  3.71575296e-03 -1.43890634e-02  2.44888435e-03 -2.16429607e-02  4.86818168e+00 -1.97824020e-01  1.12796699e+01 -5.55363206e+00 
 6.09536897e+02  3.73835401e-03 -1.41451141e-02  2.43149799e-03 -2.15020253e-02  4.84683273e+00 -1.86878241e-01  1.12689942e+01 -5.64543099e+00 
 6.16595002e+02  3.76183482e-03 -1.39029895e-02  2.41358103e-03 -2.13647919e-02  4.82515257e+00 -1.75235118e-01  1.12575524e+01 -5.73886283e+00 
 6.23734835e+02  3.78621699e-03 -1.36626444e-02  2.39509677e-03 -2.12312621e-02  4.80313917e+00 -1.62865169e-01  1.12453067e+01 -5.83395723e+00 
 6.30957344e+02  3.81152346e-03 -1.34240333e-02  2.37600694e-03 -2.11014388e-02  4.78079084e+00 -1.49737570e-01  1.12322181e+01 -5.93074436e+00 
 6.38263486e+02  3.83777854e-03 -1.31871106e-02  2.35627160e-03 -2.09753265e-02  4.75810621e+00 -1.35820080e-01  1.12182460e+01 -6.02925484e+00 
 6.45654229e+02  3.86500802e-03 -1.29518303e-02  2.33584907e-03 -2.08529307e-02  4.73508432e+00 -1.21078965e-01  1.12033490e+01 -6.12951983e+00 
 6.53130553e+02  3.89323933e-03 -1.27181458e-02  2.31469579e-03 -2.07342585e-02  4.71172461e+00 -1.05478912e-01  1.11874838e+01 -6.23157105e+00 
 6.60693448e+02  3.92250154e-03 -1.24860103e-02  2.29276623e-03 -2.06193183e-02  4.68802701e+00 -8.89829399e-02  1.11706062e+01 -6.33544085e+00 
 6.68343918e+02  3.95282560e-03 -1.22553763e-02  2.27001277e-03 -2.05081203e-02  4.66399196e+00 -7.15523066e-02  1.11526701e+01 -6.44116221e+00 
 6.76082975e+02  3.98424436e-03 -1.20261961e-02  2.24638557e-03 -2.04006757e-02  4.63962047e+00 -5.31464030e-02  1.11336284e+01 -6.54876886e+00 
 6.83911647e+02  4.01679278e-03 -1.17984211e-02  2.22183246e-03 -2.02969975e-02  4.61491416e+00 -3.37226457e-02  1.11134319e+01 -6.65829530e+00 
 6.91830971e+02  4.05050807e-03 -1.15720023e-02  2.19629871e-03 -2.01971004e-02  4.58987536e+00 -1.32363600e-02  1.10920302e+01 -6.76977689e+00 
 6.99841996e+02  4.08542983e-03 -1.13468900e-02  2.16972699e-03 -2.01010005e-02  4.56450718e+00  8.35934547e-03  1.10693711e+01 -6.88324993e+00 
 7.07945784e+02  4.12160025e-03 -1.11230338e-02  2.14205708e-03 -2.00087158e-02  4.53881356e+00  3.11137123e-02  1.10454006e+01 -6.99875177e+00 
 7.16143410e+02  4.15906430e-03 -1.09003825e-02  2.11322577e-03 -1.99202658e-02  4.51279937e+00  5.50784755e-02  1.10200630e+01 -7.11632088e+00 
 7.24435960e+02  4.19786995e-03 -1.06788843e-02  2.08316661e-03 -1.98356720e-02  4.48647054e+00  8.03080162e-02  1.09933004e+01 -7.23599698e+00 
 7.32824533e+02  4.23806837e-03 -1.04584863e-02  2.05180970e-03 -1.97549576e-02  4.45983414e+00  1.06859526e-01  1.09650531e+01 -7.35782118e+00 
 7.41310241e+02  4.27971422e-03 -1.02391351e-02  2.01908145e-03 -1.96781479e-02  4.43289851e+00  1.34793180e-01  1.09352592e+01 -7.48183609e+00 
 7.49894209e+02  4.32286588e-03 -1.00207762e-02  1.98490432e-03 -1.96052700e-02  4.40567341e+00  1.64172329e-01  1.09038543e+01 -7.60808597e+00 
 7.58577575e+02  4.36758579e-03 -9.80335423e-03  1.94919653e-03 -1.95363531e-02  4.37817017e+00  1.95063692e-01  1.08707717e+01 -7.73661693e+00 
 7.67361489e+02  4.41394072e-03 -9.58681296e-03  1.91187176e-03 -1.94714287e-02  4.35040186e+00  2.27537576e-01  1.08359421e+01 -7.86747709e+00 
 7.76247117e+02  4.46200217e-03 -9.37109520e-03  1.87283879e-03 -1.94105302e-02  4.32238348e+00  2.61668102e-01  1.07992933e+01 -8.00071675e+00 
 7.85235635e+02  4.51184669e-03 -9.15614282e-03  1.83200112e-03 -1.93536935e-02  4.29413218e+00  2.97533450e-01  1.07607498e+01 -8.13638864e+00 
 7.94328235e+02  4.56355634e-03 -8.94189677e-03  1.78925658e-03 -1.93009569e-02  4.26566752e+00  3.35216118e-01  1.07202331e+01 -8.27454814e+00 
 8.03526122e+02  4.61721913e-03 -8.72829708e-03  1.74449687e-03 -1.92523609e-02  4.23701169e+00  3.74803199e-01  1.06776609e+01 -8.41525351e+00 
 8.12830516e+02  4.67292949e-03 -8.51528291e-03  1.69760706e-03 -1.92079488e-02  4.20818988e+00  4.16386680e-01  1.06329468e+01 -8.55856617e+00 
 8.22242650e+02  4.73078880e-03 -8.30279258e-03  1.64846506e-03 -1.91677662e-02  4.17923054e+00  4.60063750e-01  1.05860003e+01 -8.70455098e+00 
 8.31763771e+02  4.79090601e-03 -8.09076365e-03  1.59694097e-03 -1.91318614e-02  4.15016584e+00  5.05937143e-01  1.05367258e+01 -8.85327652e+00 
 8.41395142e+02  4.85339822e-03 -7.87913301e-03  1.54289650e-03 -1.91002857e-02  4.12103203e+00  5.54115488e-01  1.04850226e+01 -9.00481547e+00 
 8.51138038e+02  4.91839139e-03 -7.66783700e-03  1.48618415e-03 -1.90730928e-02  4.09186993e+00  6.04713686e-01  1.04307841e+01 -9.15924486e+00 
 8.60993752e+02  4.98602111e-03 -7.45681158e-03  1.42664649e-03 -1.90503395e-02  4.06272549e+00  6.57853312e-01  1.03738972e+01 -9.31664651e+00 
 8.70963590e+02  5.05643337e-03 -7.24599249e-03  1.36411520e-03 -1.90320851e-02  4.03365037e+00  7.13663035e-01  1.03142416e+01 -9.47710732e+00 
 8.81048873e+02  5.12978553e-03 -7.03531551e-03  1.29841013e-03 -1.90183921e-02  4.00470258e+00  7.72279063e-01  1.02516892e+01 -9.64071974e+00 
 8.91250938e+02  5.20624720e-03 -6.82471674e-03  1.22933820e-03 -1.90093254e-02  3.97594730e+00  8.33845610e-01  1.01861027e+01 -9.80758209e+00 
 9.01571138e+02  5.28600141e-03 -6.61413297e-03  1.15669219e-03 -1.90049530e-02  3.94745765e+00  8.98515387e-01  1.01173350e+01 -9.97779902e+00 
 9.12010839e+02  5.36924567e-03 -6.40350208e-03  1.08024944e-03 -1.90053452e-02  3.91931570e+00  9.66450110e-01  1.00452279e+01 -1.01514819e+01 
 9.22571427e+02  5.45619333e-03 -6.19276356e-03  9.99770350e-04 -1.90105749e-02  3.89161352e+00  1.03782104e+00  9.96961084e+00 -1.03287491e+01 
 9.33254301e+02  5.54707493e-03 -5.98185914e-03  9.14996774e-04 -1.90207172e-02  3.86445436e+00  1.11280951e+00  9.89029946e+00 -1.05097268e+01 
 9.44060876e+02  5.64213971e-03 -5.77073350e-03  8.25650201e-04 -1.90358490e-02  3.83795407e+00  1.19160751e+00  9.80709379e+00 -1.06945489e+01 
 9.54992586e+02  5.74165727e-03 -5.55933515e-03  7.31429769e-04 -1.90560487e-02  3.81224254e+00  1.27441827e+00  9.71977656e+00 -1.08833574e+01 
 9.66050879e+02  5.84591941e-03 -5.34761746e-03  6.32010051e-04 -1.90813956e-02  3.78746551e+00  1.36145677e+00  9.62811099e+00 -1.10763032e+01 
 9.77237221e+02  5.95524208e-03 -5.13553990e-03  5.27038610e-04 -1.91119692e-02  3.76378647e+00  1.45295037e+00  9.53183852e+00 -1.12735459e+01 
 9.88553095e+02  6.06996751e-03 -4.92306947e-03  4.16133284e-04 -1.91478480e-02  3.74138884e+00  1.54913934e+00  9.43067609e+00 -1.14752540e+01 
 1.00000000e+03  6.19046659e-03 -4.71018248e-03  2.98879192e-04 -1.91891091e-02  3.72047851e+00  1.65027736e+00  9.32431317e+00 -1.16816052e+01 
 1.01157945e+03  6.31714141e-03 -4.49686649e-03  1.74825415e-04 -1.92358260e-02  3.70128658e+00  1.75663198e+00  9.21240843e+00 -1.18927860e+01 
 1.02329299e+03  6.45042801e-03 -4.28312281e-03  4.34813314e-05 -1.92880672e-02  3.68407256e+00  1.86848502e+00  9.09458593e+00 -1.21089919e+01 
 1.03514217e+03  6.59079938e-03 -4.06896933e-03 -9.56874278e-05 -1.93458941e-02  3.66912797e+00  1.98613280e+00  8.97043090e+00 -1.23304263e+01 
 1.04712855e+03  6.73876866e-03 -3.85444384e-03 -2.43263435e-04 -1.94093584e-02  3.65678033e+00  2.10988630e+00  8.83948496e+00 -1.25573002e+01 
 1.05925373e+03  6.89489267e-03 -3.63960806e-03 -3.99882368e-04 -1.94784986e-02  3.64739781e+00  2.24007103e+00  8.70124082e+00 -1.27898307e+01 
 1.07151931e+03  7.05977551e-03 -3.42455231e-03 -5.66238384e-04 -1.95533364e-02  3.64139440e+00  2.37702671e+00  8.55513626e+00 -1.30282397e+01 
 1.08392691e+03  7.23407259e-03 -3.20940107e-03 -7.43090001e-04 -1.96338717e-02  3.63923573e+00  2.52110649e+00  8.40054743e+00 -1.32727511e+01 
 1.09647820e+03  7.41849469e-03 -2.99431953e-03 -9.31266490e-04 -1.97200768e-02  3.64144572e+00  2.67267585e+00  8.23678143e+00 -1.35235885e+01 
 1.10917482e+03  7.61381225e-03 -2.77952135e-03 -1.13167481e-03 -1.98118895e-02  3.64861403e+00  2.83211077e+00  8.06306791e+00 -1.37809707e+01 
 1.12201845e+03  7.82085978e-03 -2.56527773e-03 -1.34530704e-03 -1.99092044e-02  3.66140450e+00  2.99979522e+00  7.87854987e+00 -1.40451071e+01 
 1.13501082e+03  8.04054021e-03 -2.35192826e-03 -1.57324833e-03 -2.00118628e-02  3.68056454e+00  3.17611771e+00  7.68227340e+00 -1.43161910e+01 
 1.14815362e+03  8.27382912e-03 -2.13989356e-03 -1.81668525e-03 -2.01196400e-02  3.70693579e+00  3.36146654e+00  7.47317639e+00 -1.45943915e+01 
 1.16144861e+03  8.52177864e-03 -1.92969023e-03 -2.07691445e-03 -2.02322306e-02  3.74146587e+00  3.55622360e+00  7.25007623e+00 -1.48798432e+01 
 1.17489755e+03  8.78552069e-03 -1.72194845e-03 -2.35535140e-03 -2.03492304e-02  3.78522159e+00  3.76075615e+00  7.01165640e+00 -1.51726335e+01 
 1.18850223e+03  9.06626923e-03 -1.51743257e-03 -2.65353898e-03 -2.04701146e-02  3.83940334e+00  3.97540632e+00  6.75645213e+00 -1.54727859e+01 
 1.20226443e+03  9.36532106e-03 -1.31706521e-03 -2.97315553e-03 -2.05942123e-02  3.90536099e+00  4.20047744e+00  6.48283522e+00 -1.57802407e+01 
 1.21618600e+03  9.68405432e-03 -1.12195542e-03 -3.31602159e-03 -2.07206755e-02  3.98461095e+00  4.43621678e+00  6.18899835e+00 -1.60948297e+01 
 1.23026877e+03  1.00239240e-02 -9.33431328e-04 -3.68410482e-03 -2.08484424e-02  4.07885438e+00  4.68279359e+00  5.87293926e+00 -1.64162460e+01 
 1.24451461e+03  1.03864532e-02 -7.53077787e-04 -4.07952163e-03 -2.09761941e-02  4.18999605e+00  4.94027160e+00  5.53244559e+00 -1.67440066e+01 
 1.25892541e+03  1.07732184e-02 -5.82779576e-04 -4.50453433e-03 -2.11023034e-02  4.32016337e+00  5.20857449e+00  5.16508138e+00 -1.70774069e+01 
 1.27350308e+03  1.11858275e-02 -4.24770332e-04 -4.96154155e-03 -2.12247754e-02  4.47172459e+00  5.48744328e+00  4.76817662e+00 -1.74154659e+01 
 1.28824955e+03  1.16258869e-02 -2.81687343e-04 -5.45305937e-03 -2.13411785e-02  4.64730471e+00  5.77638367e+00  4.33882209e+00 -1.77568598e+01 
 1.30316678e+03  1.20949564e-02 -1.56631794e-04 -5.98168982e-03 -2.14485655e-02  4.84979727e+00  6.07460191e+00  3.87387210e+00 -1.80998435e+01 
 1.31825674e+03  1.25944859e-02 -5.32334214e-05 -6.55007217e-03 -2.15433849e-02  5.08236890e+00  6.38092722e+00  3.36995919e+00 -1.84421582e+01 
 1.33352143e+03  1.31257319e-02  2.42825128e-05 -7.16081191e-03 -2.16213837e-02  5.34845307e+00  6.69371941e+00  2.82352552e+00 -1.87809236e+01 
 1.34896288e+03  1.36896468e-02  7.10294442e-05 -7.81638059e-03 -2.16775031e-02  5.65172747e+00  7.01076024e+00  2.23087767e+00 -1.91125162e+01 
 1.36458314e+03  1.42867363e-02  8.14005340e-05 -8.51897911e-03 -2.17057722e-02  5.99606864e+00  7.32912857e+00  1.58827271e+00 -1.94324335e+01 
 1.38038426e+03  1.49168798e-02  4.90248225e-05 -9.27035584e-03 -2.16992074e-02  6.38547498e+00  7.64506041e+00  8.92045201e-01 -1.97351493e+01 
 1.39636836e+03  1.55791084e-02 -3.32496419e-05 -1.00715711e-02 -2.16497279e-02  6.82394821e+00  7.95379801e+00  1.38786461e-01 -2.00139664e+01 
 1.41253754e+03  1.62713374e-02 -1.73329605e-04 -1.09227000e-02 -2.15481050e-02  7.31532119e+00  8.24943539e+00 -6.74412319e-01 -2.02608790e+01 
 1.42889396e+03  1.69900566e-02 -3.79786524e-04 -1.18224699e-02 -2.13839671e-02  7.86302006e+00  8.52477376e+00 -1.54964176e+00 -2.04664644e+01 
 1.44543977e+03  1.77299850e-02 -6.61677249e-04 -1.27678329e-02 -2.11458920e-02  8.46974930e+00  8.77120662e+00 -2.48777285e+00 -2.06198293e+01 
 1.46217717e+03  1.84837095e-02 -1.02824691e-03 -1.37534865e-02 -2.08216214e-02  9.13709255e+00  8.97866325e+00 -3.48797131e+00 -2.07086470e+01 
 1.47910839e+03  1.92413406e-02 -1.48848562e-03 -1.47713685e-02 -2.03984384e-02  9.86503057e+00  9.13564826e+00 -4.54713902e+00 -2.07193299e+01 
 1.49623566e+03  1.99902362e-02 -2.05051685e-03 -1.58101762e-02 -1.98637490e-02  1.06513917e+01  9.22942216e+00 -5.65931274e+00 -2.06373851e+01 
 1.51356125e+03  2.07148629e-02 -2.72081059e-03 -1.68549825e-02 -1.92058927e-02  1.14912715e+01  9.24637181e+00 -6.81507568e+00 -2.04480033e+01 
 1.53108746e+03  2.13968819e-02 -3.50324242e-03 -1.78870491e-02 -1.84151882e-02  1.23764850e+01  9.17261271e+00 -8.00106788e+00 -2.01369117e+01 
 1.54881662e+03  2.20155501e-02 -4.39805982e-03 -1.88839544e-02 -1.74851720e-02  1.32951438e+01  8.99484590e+00 -9.19971034e+00 -1.96914957e+01 
 1.56675107e+03  2.25485142e-02 -5.40086799e-03 -1.98201526e-02 -1.64139339e-02  1.42314749e+01  8.70145329e+00 -1.03892762e+01 -1.91021387e+01 
 1.58489319e+03  2.29730345e-02 -6.50179717e-03 -2.06680522e-02 -1.52053825e-02  1.51660041e+01  8.28375951e+00 -1.15444360e+01 -1.83636635e+01 
 1.60324539e+03  2.32675978e-02 -7.68504678e-03 -2.13996284e-02 -1.38702184e-02  1.60762065e+01  7.73732186e+00 -1.26373608e+01 -1.74766854e+01 
 1.62181010e+03  2.34137833e-02 -8.92899659e-03 -2.19884780e-02 -1.24263681e-02  1.69376637e+01  7.06305080e+00 -1.36393803e+01 -1.64486335e+01 
 1.64058977e+03  2.33981457e-02 -1.02070150e-02 -2.24120999e-02 -1.08986679e-02  1.77256746e+01  6.26793446e+00 -1.45230713e+01 -1.52941868e+01 
 1.65958691e+03  2.32138092e-02 -1.14889781e-02 -2.26540738e-02 -9.31769150e-03  1.84171480e+01  5.36516653e+00 -1.52645260e+01 -1.40349322e+01 
 1.67880402e+03  2.28614698e-02 -1.27433601e-02 -2.27057679e-02 -7.71778208e-03  1.89925149e+01  4.37356455e+00 -1.58454570e+01 -1.26981807e+01 
 1.69824365e+03  2.23495849e-02 -1.39396155e-02 -2.25672512e-02 -6.13452842e-03  1.94373512e+01  3.31630270e+00 -1.62547824e+01 -1.13150498e+01 
 1.71790839e+03  2.16936836e-02 -1.50504845e-02 -2.22472319e-02 -4.60206108e-03  1.97434402e+01  2.21913049e+00 -1.64894174e+01 -9.91808440e+00 
 1.73780083e+03  2.09149132e-02 -1.60538662e-02 -2.17620390e-02 -3.15059109e-03  1.99091158e+01  1.10835835e+00 -1.65541540e+01 -8.53879033e+00 
 1.75792361e+03  2.00380857e-02 -1.69340018e-02 -2.11338569e-02 -1.80454721e-03  1.99388754e+01  8.92741541e-03 -1.64607032e+01 -7.20545714e+00 
 1.77827941e+03  1.90895603e-02 -1.76818692e-02 -2.03885487e-02 -5.81519668e-04  1.98423967e+01 -1.05716501e+00 -1.62261246e+01 -5.94155563e+00 
 1.79887092e+03  1.80952812e-02 -1.82948487e-02 -1.95534301e-02  5.07961294e-04  1.96331826e+01 -2.07191727e+00 -1.58709538e+01 -4.76484913e+00 
 1.81970086e+03  1.70792031e-02 -1.87758404e-02 -1.86553017e-02  1.45993675e-03  1.93270833e+01 -3.02180923e+00 -1.54173316e+01 -3.68720468e+00 
 1.84077200e+03  1.60622189e-02 -1.91320641e-02 -1.77189304e-02  2.27603700e-03  1.89409084e+01 -3.89778397e+00 -1.48873717e+01 -2.71497551e+00 
 1.86208714e+03  1.50615943e-02 -1.93737629e-02 -1.67660511e-02  2.96224527e-03  1.84912751e+01 -4.69485194e+00 -1.43019038e+01 -1.84976812e+00 
 1.88364909e+03  1.40908361e-02 -1.95129842e-02 -1.58148625e-02  3.52761606e-03  1.79937564e+01 -5.41146439e+00 -1.36796321e+01 -1.08940299e+00 
 1.90546072e+03  1.31598823e-02 -1.95625462e-02 -1.48799257e-02  3.98309827e-03  1.74623354e+01 -6.04879030e+00 -1.30366796e+01 -4.28909983e-01 
 1.92752491e+03  1.22754959e-02 -1.95352352e-02 -1.39723522e-02  4.34054927e-03  1.69091251e+01 -6.60999913e+00 -1.23864435e+01  1.38552411e-01 
 1.94984460e+03  1.14417594e-02 -1.94432378e-02 -1.31001715e-02  4.61197199e-03  1.63442952e+01 -7.09961546e+00 -1.17396779e+01  6.20916551e-01 
 1.97242274e+03  1.06605931e-02 -1.92977787e-02 -1.22687847e-02  4.80896899e-03  1.57761444e+01 -7.52297897e+00 -1.11047189e+01  1.02658731e+00 
 1.99526231e+03  9.93224571e-03 -1.91089261e-02 -1.14814385e-02  4.94238561e-03  1.52112618e+01 -7.88581943e+00 -1.04877866e+01  1.36398266e+00 
 2.01836636e+03  9.25572833e-03 -1.88855215e-02 -1.07396746e-02  5.02210505e-03  1.46547358e+01 -8.19394011e+00 -9.89331323e+00  1.64121440e+00 
 2.04173794e+03  8.62917902e-03 -1.86351956e-02 -1.00437292e-02  5.05695751e-03  1.41103759e+01 -8.45299547e+00 -9.32426367e+00  1.86588386e+00 
 2.06538016e+03  8.05015786e-03 -1.83644400e-02 -9.39287443e-03  5.05470974e-03  1.35809301e+01 -8.66834524e+00 -8.78242960e+00  2.04496633e+00 
 2.08929613e+03  7.51587700e-03 -1.80787090e-02 -8.78569762e-03  5.02210738e-03  1.30682837e+01 -8.84496771e+00 -8.26868678e+00  2.18476059e+00 
 2.11348904e+03  7.02337475e-03 -1.77825354e-02 -8.22032442e-03  4.96494891e-03  1.25736340e+01 -8.98741663e+00 -7.78321275e+00  2.29088376e+00 
 2.13796209e+03  6.56964312e-03 -1.74796493e-02 -7.69459226e-03  4.88817599e-03  1.20976398e+01 -9.09980903e+00 -7.32566637e+00  2.36829597e+00 
 2.16271852e+03  6.15171812e-03 -1.71730910e-02 -7.20618179e-03  4.79596939e-03  1.16405458e+01 -9.18583378e+00 -6.89533253e+00  2.42134299e+00 
 2.18776162e+03  5.76674101e-03 -1.68653153e-02 -6.75271428e-03  4.69184383e-03  1.12022846e+01 -9.24877328e+00 -6.49123665e+00  2.45380854e+00 
 2.21309471e+03  5.41199750e-03 -1.65582851e-02 -6.33182174e-03  4.57873732e-03  1.07825585e+01 -9.29153278e+00 -6.11223391e+00  2.46897041e+00 
 2.23872114e+03  5.08494057e-03 -1.62535524e-02 -5.94119595e-03  4.45909296e-03  1.03809047e+01 -9.31667337e+00 -5.75707741e+00  2.46965645e+00 
 2.26464431e+03  4.78320138e-03 -1.59523294e-02 -5.57862120e-03  4.33493195e-03  9.99674618e+00 -9.32644590e+00 -5.42446965e+00  2.45829812e+00 
 2.29086765e+03  4.50459182e-03 -1.56555481e-02 -5.24199491e-03  4.20791799e-03  9.62943149e+00 -9.32282428e+00 -5.11310052e+00  2.43698023e+00 
 2.31739465e+03  4.24710126e-03 -1.53639110e-02 -4.92933912e-03  4.07941312e-03  9.27826483e+00 -9.30753688e+00 -4.82167482e+00  2.40748604e+00 
 2.34422882e+03  4.00888959e-03 -1.50779338e-02 -4.63880557e-03  3.95052584e-03  8.94252897e+00 -9.28209561e+00 -4.54893165e+00  2.37133772e+00 
 2.37137371e+03  3.78827780e-03 -1.47979807e-02 -4.36867604e-03  3.82215228e-03  8.62150231e+00 -9.24782236e+00 -4.29365758e+00  2.32983212e+00 
 2.39883292e+03  3.58373742e-03 -1.45242934e-02 -4.11735960e-03  3.69501112e-03  8.31447123e+00 -9.20587271e+00 -4.05469507e+00  2.28407214e+00 
 2.42661010e+03  3.39387927e-03 -1.42570160e-02 -3.88338758e-03  3.56967321e-03  8.02073900e+00 -9.15725701e+00 -3.83094740e+00  2.23499411e+00 
 2.45470892e+03  3.21744227e-03 -1.39962141e-02 -3.66540739e-03  3.44658647e-03  7.73963185e+00 -9.10285900e+00 -3.62138096e+00  2.18339145e+00 
 2.48313311e+03  3.05328244e-03 -1.37418918e-02 -3.46217545e-03  3.32609692e-03  7.47050302e+00 -9.04345222e+00 -3.42502563e+00  2.12993524e+00 
 2.51188643e+03  2.90036251e-03 -1.34940046e-02 -3.27254986e-03  3.20846621e-03  7.21273515e+00 -8.97971423e+00 -3.24097387e+00  2.07519180e+00 
 2.54097271e+03  2.75774204e-03 -1.32524707e-02 -3.09548296e-03  3.09388641e-03  6.96574152e+00 -8.91223916e+00 -3.06837883e+00  2.01963787e+00 
 2.57039578e+03  2.62456837e-03 -1.30171794e-02 -2.93001413e-03  2.98249235e-03  6.72896644e+00 -8.84154851e+00 -2.90645185e+00  1.96367366e+00 
 2.60015956e+03  2.50006818e-03 -1.27879987e-02 -2.77526278e-03  2.87437187e-03  6.50188490e+00 -8.76810058e+00 -2.75445954e+00  1.90763396e+00 
 2.63026799e+03  2.38353985e-03 -1.25647810e-02 -2.63042177e-03  2.76957443e-03  6.28400188e+00 -8.69229865e+00 -2.61172077e+00  1.85179770e+00 
 2.66072506e+03  2.27434643e-03 -1.23473674e-02 -2.49475120e-03  2.66811829e-03  6.07485131e+00 -8.61449804e+00 -2.47760337e+00  1.79639616e+00 
 2.69153480e+03  2.17190931e-03 -1.21355922e-02 -2.36757266e-03  2.56999647e-03  5.87399478e+00 -8.53501226e+00 -2.35152106e+00  1.74161992e+00 
 2.72270131e+03  2.07570254e-03 -1.19292852e-02 -2.24826389e-03  2.47518172e-03  5.68102019e+00 -8.45411829e+00 -2.23293025e+00  1.68762485e+00 
 2.75422870e+03  1.98524757e-03 -1.17282744e-02 -2.13625386e-03  2.38363063e-03  5.49554030e+00 -8.37206121e+00 -2.12132705e+00  1.63453727e+00 
 2.78612117e+03  1.90010868e-03 -1.15323878e-02 -2.03101830e-03  2.29528707e-03  5.31719129e+00 -8.28905816e+00 -2.01624444e+00  1.58245829e+00 
 2.81838293e+03  1.81988873e-03 -1.13414549e-02 -1.93207560e-03  2.21008502e-03  5.14563131e+00 -8.20530178e+00 -1.91724951e+00  1.53146760e+00 
 2.85101827e+03  1.74422543e-03 -1.11553079e-02 -1.83898298e-03  2.12795096e-03  4.98053907e+00 -8.12096325e+00 -1.82394091e+00  1.48162663e+00 
 2.88403150e+03  1.67278798e-03 -1.09737824e-02 -1.75133315e-03  2.04880575e-03  4.82161251e+00 -8.03619484e+00 -1.73594649e+00  1.43298137e+00 
 2.91742701e+03  1.60527397e-03 -1.07967180e-02 -1.66875117e-03  1.97256629e-03  4.66856748e+00 -7.95113217e+00 -1.65292105e+00  1.38556467e+00 
 2.95120923e+03  1.54140672e-03 -1.06239589e-02 -1.59089161e-03  1.89914682e-03  4.52113653e+00 -7.86589619e+00 -1.57454429e+00  1.33939827e+00 
 2.98538262e+03  1.48093281e-03 -1.04553545e-02 -1.51743601e-03  1.82845999e-03  4.37906777e+00 -7.78059489e+00 -1.50051886e+00  1.29449456e+00 
 3.01995172e+03  1.42361988e-03 -1.02907588e-02 -1.44809052e-03  1.76041773e-03  4.24212379e+00 -7.69532476e+00 -1.43056866e+00  1.25085805e+00 
 3.05492111e+03  1.36925465e-03 -1.01300312e-02 -1.38258380e-03  1.69493201e-03  4.11008064e+00 -7.61017209e+00 -1.36443713e+00  1.20848660e+00 
 3.09029543e+03  1.31764117e-03 -9.97303647e-03 -1.32066508e-03  1.63191537e-03  3.98272692e+00 -7.52521413e+00 -1.30188580e+00  1.16737259e+00 
 3.12607937e+03  1.26859922e-03 -9.81964441e-03 -1.26210245e-03  1.57128141e-03  3.85986288e+00 -7.44052006e+00 -1.24269288e+00  1.12750379e+00 
 3.16227766e+03  1.22196286e-03 -9.66973004e-03 -1.20668124e-03  1.51294513e-03  3.74129964e+00 -7.35615183e+00 -1.18665200e+00  1.08886420e+00 
 3.19889511e+03  1.17757913e-03 -9.52317342e-03 -1.15420258e-03  1.45682326e-03  3.62685843e+00 -7.27216499e+00 -1.13357102e+00  1.05143470e+00 
 3.23593657e+03  1.13530693e-03 -9.37985958e-03 -1.10448212e-03  1.40283442e-03  3.51636993e+00 -7.18860928e+00 -1.08327095e+00  1.01519368e+00 
 3.27340695e+03  1.09501592e-03 -9.23967831e-03 -1.05734880e-03  1.35089933e-03  3.40967357e+00 -7.10552928e+00 -1.03558497e+00  9.80117516e-01 
 3.31131121e+03  1.05658562e-03 -9.10252407e-03 -1.01264382e-03  1.30094092e-03  3.30661702e+00 -7.02296488e+00 -9.90357520e-01  9.46181011e-01 
 3.34965439e+03  1.01990450e-03 -8.96829579e-03 -9.70219583e-04  1.25288439e-03  3.20705559e+00 -6.94095180e+00 -9.47443457e-01  9.13357758e-01 
 3.38844156e+03  9.84869249e-04 -8.83689670e-03 -9.29938864e-04  1.20665729e-03  3.11085176e+00 -6.85952191e+00 -9.06707272e-01  8.81620456e-01 
 3.42767787e+03  9.51384079e-04 -8.70823421e-03 -8.91673947e-04  1.16218953e-03  3.01787473e+00 -6.77870367e+00 -8.68022394e-01  8.50941179e-01 
 3.46736850e+03  9.19360059e-04 -8.58221966e-03 -8.55305895e-04  1.11941337e-03  2.92799994e+00 -6.69852240e+00 -8.31270530e-01  8.21291598e-01 
 3.50751874e+03  8.88714564e-04 -8.45876822e-03 -8.20723864e-04  1.07826345e-03  2.84110876e+00 -6.61900060e+00 -7.96341070e-01  7.92643180e-01 
 3.54813389e+03  8.59370749e-04 -8.33779869e-03 -7.87824480e-04  1.03867673e-03  2.75708805e+00 -6.54015816e+00 -7.63130525e-01  7.64967346e-01 
 3.58921935e+03  8.31257077e-04 -8.21923335e-03 -7.56511268e-04  1.00059244e-03  2.67582988e+00 -6.46201265e+00 -7.31542026e-01  7.38235608e-01 
 3.63078055e+03  8.04306891e-04 -8.10299777e-03 -7.26694130e-04  9.63952100e-04  2.59723118e+00 -6.38457945e+00 -7.01484846e-01  7.12419685e-01 
 3.67282300e+03  7.78458021e-04 -7.98902070e-03 -6.98288869e-04  9.28699395e-04  2.52119351e+00 -6.30787199e+00 -6.72873972e-01  6.87491600e-01 
 3.71535229e+03  7.53652430e-04 -7.87723391e-03 -6.71216748e-04  8.94780164e-04  2.44762273e+00 -6.23190191e+00 -6.45629702e-01  6.63423754e-01 
 3.75837404e+03  7.29835893e-04 -7.76757201e-03 -6.45404092e-04  8.62142327e-04  2.37642880e+00 -6.15667917e+00 -6.19677277e-01  6.40188998e-01 
 3.80189396e+03  7.06957697e-04 -7.65997238e-03 -6.20781919e-04  8.30735822e-04  2.30752554e+00 -6.08221223e+00 -5.94946539e-01  6.17760679e-01 
 3.84591782e+03  6.84970377e-04 -7.55437496e-03 -5.97285595e-04  8.00512546e-04  2.24083043e+00 -6.00850815e+00 -5.71371617e-01  5.96112686e-01 
 3.89045145e+03  6.63829464e-04 -7.45072220e-03 -5.74854533e-04  7.71426286e-04  2.17626439e+00 -5.93557271e+00 -5.48890636e-01  5.75219482e-01 
 3.93550075e+03  6.43493266e-04 -7.34895889e-03 -5.53431898e-04  7.43432657e-04  2.11375162e+00 -5.86341051e+00 -5.27445445e-01  5.55056129e-01 
 3.98107171e+03  6.23922661e-04 -7.24903206e-03 -5.32964347e-04  7.16489034e-04  2.05321941e+00 -5.79202506e+00 -5.06981371e-01  5.35598308e-01 
 4.02717034e+03  6.05080904e-04 -7.15089087e-03 -5.13401785e-04  6.90554494e-04  1.99459803e+00 -5.72141887e+00 -4.87446985e-01  5.16822330e-01 
 4.07380278e+03  5.86933461e-04 -7.05448652e-03 -4.94697144e-04  6.65589748e-04  1.93782052e+00 -5.65159352e+00 -4.68793889e-01  4.98705146e-01 
 4.12097519e+03  5.69447846e-04 -6.95977215e-03 -4.76806169e-04  6.41557078e-04  1.88282259e+00 -5.58254976e+00 -4.50976517e-01  4.81224350e-01 
 4.16869383e+03  5.52593476e-04 -6.86670270e-03 -4.59687234e-04  6.18420283e-04  1.82954249e+00 -5.51428753e+00 -4.33951952e-01  4.64358182e-01 
 4.21696503e+03  5.36341542e-04 -6.77523491e-03 -4.43301164e-04  5.96144613e-04  1.77792087e+00 -5.44680606e+00 -4.17679753e-01  4.48085520e-01 
 4.26579519e+03  5.20664878e-04 -6.68532715e-03 -4.27611069e-04  5.74696716e-04  1.72790069e+00 -5.38010391e+00 -4.02121798e-01  4.32385881e-01 
 4.31519077e+03  5.05537855e-04 -6.59693939e-03 -4.12582194e-04  5.54044581e-04  1.67942710e+00 -5.31417905e+00 -3.87242135e-01  4.17239411e-01 
 4.36515832e+03  4.90936275e-04 -6.51003310e-03 -3.98181783e-04  5.34157485e-04  1.63244735e+00 -5.24902884e+00 -3.73006846e-01  4.02626877e-01 
 4.41570447e+03  4.76837273e-04 -6.42457121e-03 -3.84378942e-04  5.15005938e-04  1.58691068e+00 -5.18465016e+00 -3.59383920e-01  3.88529658e-01 
 4.46683592e+03  4.63219228e-04 -6.34051800e-03 -3.71144528e-04  4.96561638e-04  1.54276824e+00 -5.12103939e+00 -3.46343129e-01  3.74929730e-01 
 4.51855944e+03  4.50061686e-04 -6.25783906e-03 -3.58451027e-04  4.78797416e-04  1.49997304e+00 -5.05819250e+00 -3.33855925e-01  3.61809659e-01 
 4.57088190e+03  4.37345279e-04 -6.17650124e-03 -3.46272460e-04  4.61687196e-04  1.45847979e+00 -4.99610503e+00 -3.21895333e-01  3.49152583e-01 
 4.62381021e+03  4.25051658e-04 -6.09647256e-03 -3.34584281e-04  4.45205947e-04  1.41824492e+00 -4.93477218e+00 -3.10435852e-01  3.36942202e-01 
 4.67735141e+03  4.13163426e-04 -6.01772219e-03 -3.23363289e-04  4.29329636e-04  1.37922643e+00 -4.87418878e+00 -2.99453372e-01  3.25162764e-01 
 4.73151259e+03  4.01664083e-04 -5.94022036e-03 -3.12587545e-04  4.14035196e-04  1.34138389e+00 -4.81434939e+00 -2.88925084e-01  3.13799047e-01 
 4.78630092e+03  3.90537962e-04 -5.86393837e-03 -3.02236294e-04  3.99300477e-04  1.30467831e+00 -4.75524829e+00 -2.78829406e-01  3.02836351e-01 
 4.84172368e+03  3.79770187e-04 -5.78884845e-03 -2.92289895e-04  3.85104212e-04  1.26907215e+00 -4.69687948e+00 -2.69145909e-01  2.92260475e-01 
 4.89778819e+03  3.69346618e-04 -5.71492383e-03 -2.82729750e-04  3.71425982e-04  1.23452921e+00 -4.63923677e+00 -2.59855246e-01  2.82057712e-01 
 4.95450191e+03  3.59253810e-04 -5.64213859e-03 -2.73538244e-04  3.58246176e-04  1.20101458e+00 -4.58231373e+00 -2.50939094e-01  2.72214826e-01 
 5.01187234e+03  3.49478969e-04 -5.57046771e-03 -2.64698685e-04  3.45545963e-04  1.16849462e+00 -4.52610380e+00 -2.42380089e-01  2.62719044e-01 
 5.06990708e+03  3.40009917e-04 -5.49988696e-03 -2.56195251e-04  3.33307254e-04  1.13693688e+00 -4.47060019e+00 -2.34161773e-01  2.53558038e-01 
 5.12861384e+03  3.30835055e-04 -5.43037293e-03 -2.48012938e-04  3.21512676e-04  1.10631008e+00 -4.41579603e+00 -2.26268542e-01  2.44719911e-01 
 5.18800039e+03  3.21943326e-04 -5.36190292e-03 -2.40137511e-04  3.10145541e-04  1.07658402e+00 -4.36168427e+00 -2.18685593e-01  2.36193188e-01 
 5.24807460e+03  3.13324190e-04 -5.29445498e-03 -2.32555462e-04  2.99189815e-04  1.04772961e+00 -4.30825780e+00 -2.11398884e-01  2.27966794e-01 
 5.30884444e+03  3.04967590e-04 -5.22800785e-03 -2.25253967e-04  2.88630096e-04  1.01971874e+00 -4.25550938e+00 -2.04395088e-01  2.20030048e-01 
 5.37031796e+03  2.96863928e-04 -5.16254092e-03 -2.18220847e-04  2.78451583e-04  9.92524316e-01 -4.20343170e+00 -1.97661552e-01  2.12372650e-01 
 5.43250331e+03  2.89004036e-04 -5.09803421e-03 -2.11444531e-04  2.68640055e-04  9.66120181e-01 -4.15201738e+00 -1.91186262e-01  2.04984661e-01 
 5.49540874e+03  2.81379159e-04 -5.03446837e-03 -2.04914021e-04  2.59181842e-04  9.40481093e-01 -4.10125899e+00 -1.84957803e-01  1.97856498e-01 
 5.55904257e+03  2.73980923e-04 -4.97182459e-03 -1.98618864e-04  2.50063811e-04  9.15582689e-01 -4.05114906e+00 -1.78965330e-01  1.90978921e-01 
 5.62341325e+03  2.66801326e-04 -4.91008467e-03 -1.92549117e-04  2.41273334e-04  8.91401452e-01 -4.00168008e+00 -1.73198535e-01  1.84343016e-01 
 5.68852931e+03  2.59832706e-04 -4.84923090e-03 -1.86695320e-04  2.32798276e-04  8.67914677e-01 -3.95284452e+00 -1.67647618e-01  1.77940192e-01 
 5.75439937e+03  2.53067734e-04 -4.78924610e-03 -1.81048472e-04  2.24626969e-04  8.45100444e-01 -3.90463483e+00 -1.62303257e-01  1.71762161e-01 
 5.82103218e+03  2.46499391e-04 -4.73011361e-03 -1.75600002e-04  2.16748197e-04  8.22937587e-01 -3.85704347e+00 -1.57156587e-01  1.65800933e-01 
 5.88843655e+03  2.40120951e-04 -4.67181720e-03 -1.70341751e-04  2.09151172e-04  8.01405667e-01 -3.81006290e+00 -1.52199170e-01  1.60048806e-01 
 5.95662144e+03  2.33925970e-04 -4.61434112e-03 -1.65265944e-04  2.01825525e-04  7.80484944e-01 -3.76368557e+00 -1.47422976e-01  1.54498353e-01 
 6.02559586e+03  2.27908268e-04 -4.55767006e-03 -1.60365174e-04  1.94761281e-04  7.60156353e-01 -3.71790398e+00 -1.42820358e-01  1.49142411e-01 
 6.09536897e+03  2.22061921e-04 -4.50178912e-03 -1.55632379e-04  1.87948849e-04  7.40401478e-01 -3.67271063e+00 -1.38384036e-01  1.43974078e-01 
 6.16595002e+03  2.16381241e-04 -4.44668382e-03 -1.51060827e-04  1.81379002e-04  7.21202529e-01 -3.62809806e+00 -1.34107073e-01  1.38986697e-01 
 6.23734835e+03  2.10860771e-04 -4.39234006e-03 -1.46644097e-04  1.75042867e-04  7.02542319e-01 -3.58405885e+00 -1.29982860e-01  1.34173849e-01 
 6.30957344e+03  2.05495269e-04 -4.33874411e-03 -1.42376062e-04  1.68931905e-04  6.84404242e-01 -3.54058560e+00 -1.26005099e-01  1.29529349e-01 
 6.38263486e+03  2.00279700e-04 -4.28588262e-03 -1.38250876e-04  1.63037904e-04  6.66772250e-01 -3.49767099e+00 -1.22167784e-01  1.25047232e-01 
 6.45654229e+03  1.95209228e-04 -4.23374257e-03 -1.34262957e-04  1.57352962e-04  6.49630839e-01 -3.45530771e+00 -1.18465189e-01  1.20721745e-01 
 6.53130553e+03  1.90279202e-04 -4.18231129e-03 -1.30406976e-04  1.51869474e-04  6.32965022e-01 -3.41348853e+00 -1.14891852e-01  1.16547345e-01 
 6.60693448e+03  1.85485151e-04 -4.13157642e-03 -1.26677842e-04  1.46580124e-04  6.16760313e-01 -3.37220627e+00 -1.11442562e-01  1.12518687e-01 
 6.68343918e+03  1.80822773e-04 -4.08152592e-03 -1.23070690e-04  1.41477871e-04  6.01002711e-01 -3.33145381e+00 -1.08112346e-01  1.08630615e-01 
 6.76082975e+03  1.76287930e-04 -4.03214805e-03 -1.19580874e-04  1.36555936e-04  5.85678682e-01 -3.29122408e+00 -1.04896457e-01  1.04878162e-01 
 6.83911647e+03  1.71876639e-04 -3.98343137e-03 -1.16203948e-04  1.31807799e-04  5.70775139e-01 -3.25151009e+00 -1.01790362e-01  1.01256537e-01 
 6.91830971e+03  1.67585064e-04 -3.93536470e-03 -1.12935663e-04  1.27227179e-04  5.56279431e-01 -3.21230491e+00 -9.87897346e-02  9.77611207e-02 
 6.99841996e+03  1.63409510e-04 -3.88793714e-03 -1.09771954e-04  1.22808034e-04  5.42179321e-01 -3.17360169e+00 -9.58904386e-02  9.43874593e-02 
 7.07945784e+03  1.59346421e-04 -3.84113807e-03 -1.06708933e-04  1.18544543e-04  5.28462980e-01 -3.13539364e+00 -9.30885239e-02  9.11312588e-02 
 7.16143410e+03  1.55392365e-04 -3.79495710e-03 -1.03742877e-04  1.14431105e-04  5.15118964e-01 -3.09767404e+00 -9.03802152e-02  8.79883792e-02 
 7.24435960e+03  1.51544037e-04 -3.74938408e-03 -1.00870225e-04  1.10462327e-04  5.02136206e-01 -3.06043625e+00 -8.77619032e-02  8.49548281e-02 
 7.32824533e+03  1.47798250e-04 -3.70440911e-03 -9.80875638e-05  1.06633013e-04  4.89504000e-01 -3.02367372e+00 -8.52301371e-02  8.20267562e-02 
 7.41310241e+03  1.44151929e-04 -3.66002253e-03 -9.53916270e-05  1.02938162e-04  4.77211988e-01 -2.98737994e+00 -8.27816165e-02  7.92004517e-02 
 7.49894209e+03  1.40602107e-04 -3.61621487e-03 -9.27792841e-05  9.93729588e-05  4.65250151e-01 -2.95154852e+00 -8.04131845e-02  7.64723355e-02 
 7.58577575e+03  1.37145923e-04 -3.57297690e-03 -9.02475356e-05  9.59327630e-05  4.53608792e-01 -2.91617312e+00 -7.81218202e-02  7.38389561e-02 
 7.67361489e+03  1.33780613e-04 -3.53029958e-03 -8.77935064e-05  9.26131069e-05  4.42278529e-01 -2.88124747e+00 -7.59046326e-02  7.12969854e-02 
 7.76247117e+03  1.30503510e-04 -3.48817408e-03 -8.54144400e-05  8.94096870e-05  4.31250283e-01 -2.84676542e+00 -7.37588544e-02  6.88432139e-02 
 7.85235635e+03  1.27312037e-04 -3.44659176e-03 -8.31076929e-05  8.63183576e-05  4.20515265e-01 -2.81272085e+00 -7.16818359e-02  6.64745464e-02 
 7.94328235e+03  1.24203705e-04 -3.40554418e-03 -8.08707296e-05  8.33351252e-05  4.10064969e-01 -2.77910776e+00 -6.96710393e-02  6.41879981e-02 
 8.03526122e+03  1.21176111e-04 -3.36502306e-03 -7.87011172e-05  8.04561423e-05  3.99891161e-01 -2.74592021e+00 -6.77240341e-02  6.19806905e-02 
 8.12830516e+03  1.18226929e-04 -3.32502031e-03 -7.65965210e-05  7.76777023e-05  3.89985867e-01 -2.71315233e+00 -6.58384912e-02  5.98498473e-02 
 8.22242650e+03  1.15353914e-04 -3.28552801e-03 -7.45546998e-05  7.49962337e-05  3.80341370e-01 -2.68079835e+00 -6.40121787e-02  5.77927911e-02 
 8.31763771e+03  1.12554894e-04 -3.24653840e-03 -7.25735019e-05  7.24082953e-05  3.70950194e-01 -2.64885257e+00 -6.22429572e-02  5.58069395e-02 
 8.41395142e+03  1.09827767e-04 -3.20804390e-03 -7.06508606e-05  6.99105711e-05  3.61805102e-01 -2.61730937e+00 -6.05287758e-02  5.38898020e-02 
 8.51138038e+03  1.07170502e-04 -3.17003707e-03 -6.87847910e-05  6.74998657e-05  3.52899083e-01 -2.58616321e+00 -5.88676674e-02  5.20389762e-02 
 8.60993752e+03  1.04581133e-04 -3.13251062e-03 -6.69733856e-05  6.51730995e-05  3.44225347e-01 -2.55540862e+00 -5.72577455e-02  5.02521451e-02 
 8.70963590e+03  1.02057758e-04 -3.09545742e-03 -6.52148114e-05  6.29273048e-05  3.35777315e-01 -2.52504021e+00 -5.56972002e-02  4.85270738e-02 
 8.81048873e+03  9.95985351e-05 -3.05887047e-03 -6.35073066e-05  6.07596210e-05  3.27548616e-01 -2.49505268e+00 -5.41842948e-02  4.68616064e-02 
 8.91250938e+03  9.72016817e-05 -3.02274292e-03 -6.18491770e-05  5.86672912e-05  3.19533074e-01 -2.46544078e+00 -5.27173623e-02  4.52536636e-02 
 9.01571138e+03  9.48654717e-05 -2.98706804e-03 -6.02387934e-05  5.66476578e-05  3.11724708e-01 -2.43619937e+00 -5.12948027e-02  4.37012392e-02 
 9.12010839e+03  9.25882336e-05 -2.95183925e-03 -5.86745887e-05  5.46981593e-05  3.04117718e-01 -2.40732336e+00 -4.99150795e-02  4.22023984e-02 
 9.22571427e+03  9.03683481e-05 -2.91705009e-03 -5.71550553e-05  5.28163261e-05  2.96706487e-01 -2.37880775e+00 -4.85767171e-02  4.07552744e-02 
 9.33254301e+03  8.82042465e-05 -2.88269422e-03 -5.56787421e-05  5.09997777e-05  2.89485567e-01 -2.35064759e+00 -4.72782982e-02  3.93580664e-02 
 9.44060876e+03  8.60944085e-05 -2.84876543e-03 -5.42442528e-05  4.92462191e-05  2.82449679e-01 -2.32283802e+00 -4.60184610e-02  3.80090373e-02 
 9.54992586e+03  8.40373610e-05 -2.81525762e-03 -5.28502427e-05  4.75534374e-05  2.75593705e-01 -2.29537427e+00 -4.47958969e-02  3.67065109e-02 
 9.66050879e+03  8.20316758e-05 -2.78216480e-03 -5.14954172e-05  4.59192994e-05  2.68912681e-01 -2.26825160e+00 -4.36093480e-02  3.54488704e-02 
 9.77237221e+03  8.00759684e-05 -2.74948111e-03 -5.01785293e-05  4.43417480e-05  2.62401796e-01 -2.24146537e+00 -4.24576052e-02  3.42345558e-02 
 9.88553095e+03  7.81688962e-05 -2.71720078e-03 -4.88983779e-05  4.28187996e-05  2.56056383e-01 -2.21501100e+00 -4.13395057e-02  3.30620618e-02 
 1.00000000e+04  7.63091573e-05 -2.68531814e-03 -4.76538055e-05  4.13485418e-05  2.49871917e-01 -2.18888398e+00 -4.02539313e-02  3.19299364e-02 
