 frequency       v(/u_vc)        v(/u_vc)        v(/u_d)         v(/u_d)        
 1.00000000e+01  2.36169165e-03  5.72409904e-02  2.36152227e-03  5.71807446e-02 
 1.01157945e+01  2.42106441e-03  5.79547774e-02  2.42089199e-03  5.78938577e-02 
 1.02329299e+01  2.48203803e-03  5.86787103e-02  2.48186256e-03  5.86171098e-02 
 1.03514217e+01  2.54466102e-03  5.94129782e-02  2.54448246e-03  5.93506899e-02 
 1.04712855e+01  2.60898357e-03  6.01577752e-02  2.60880192e-03  6.00947921e-02 
 1.05925373e+01  2.67505771e-03  6.09133006e-02  2.67487294e-03  6.08496157e-02 
 1.07151931e+01  2.74293735e-03  6.16797594e-02  2.74274944e-03  6.16153655e-02 
 1.08392691e+01  2.81267833e-03  6.24573619e-02  2.81248728e-03  6.23922519e-02 
 1.09647820e+01  2.88433857e-03  6.32463245e-02  2.88414437e-03  6.31804912e-02 
 1.10917482e+01  2.95797813e-03  6.40468695e-02  2.95778076e-03  6.39803056e-02 
 1.12201845e+01  3.03365927e-03  6.48592253e-02  3.03345874e-03  6.47919236e-02 
 1.13501082e+01  3.11144661e-03  6.56836272e-02  3.11124292e-03  6.56155804e-02 
 1.14815362e+01  3.19140723e-03  6.65203170e-02  3.19120038e-03  6.64515177e-02 
 1.16144861e+01  3.27361071e-03  6.73695435e-02  3.27340071e-03  6.72999843e-02 
 1.17489755e+01  3.35812934e-03  6.82315628e-02  3.35791621e-03  6.81612364e-02 
 1.18850223e+01  3.44503820e-03  6.91066387e-02  3.44482195e-03  6.90355376e-02 
 1.20226443e+01  3.53441526e-03  6.99950427e-02  3.53419593e-03  6.99231595e-02 
 1.21618600e+01  3.62634160e-03  7.08970546e-02  3.62611921e-03  7.08243816e-02 
 1.23026877e+01  3.72090147e-03  7.18129624e-02  3.72067605e-03  7.17394923e-02 
 1.24451461e+01  3.81818249e-03  7.27430633e-02  3.81795409e-03  7.26687884e-02 
 1.25892541e+01  3.91827580e-03  7.36876634e-02  3.91804448e-03  7.36125762e-02 
 1.27350308e+01  4.02127626e-03  7.46470785e-02  4.02104207e-03  7.45711714e-02 
 1.28824955e+01  4.12728257e-03  7.56216344e-02  4.12704559e-03  7.55448997e-02 
 1.30316678e+01  4.23639752e-03  7.66116669e-02  4.23615781e-03  7.65340971e-02 
 1.31825674e+01  4.34872816e-03  7.76175231e-02  4.34848583e-03  7.75391105e-02 
 1.33352143e+01  4.46438605e-03  7.86395609e-02  4.46414118e-03  7.85602979e-02 
 1.34896288e+01  4.58348745e-03  7.96781501e-02  4.58324015e-03  7.95980291e-02 
 1.36458314e+01  4.70615357e-03  8.07336726e-02  4.70590397e-03  8.06526859e-02 
 1.38038426e+01  4.83251085e-03  8.18065232e-02  4.83225908e-03  8.17246632e-02 
 1.39636836e+01  4.96269123e-03  8.28971097e-02  4.96243744e-03  8.28143689e-02 
 1.41253754e+01  5.09683239e-03  8.40058541e-02  5.09657674e-03  8.39222247e-02 
 1.42889396e+01  5.23507813e-03  8.51331925e-02  5.23482081e-03  8.50486670e-02 
 1.44543977e+01  5.37757865e-03  8.62795763e-02  5.37731985e-03  8.61941472e-02 
 1.46217717e+01  5.52449092e-03  8.74454725e-02  5.52423085e-03  8.73591323e-02 
 1.47910839e+01  5.67597902e-03  8.86313649e-02  5.67571793e-03  8.85441060e-02 
 1.49623566e+01  5.83221457e-03  8.98377542e-02  5.83195271e-03  8.97495692e-02 
 1.51356125e+01  5.99337713e-03  9.10651592e-02  5.99311477e-03  9.09760407e-02 
 1.53108746e+01  6.15965465e-03  9.23141176e-02  6.15939211e-03  9.22240582e-02 
 1.54881662e+01  6.33124395e-03  9.35851866e-02  6.33098155e-03  9.34941791e-02 
 1.56675107e+01  6.50835122e-03  9.48789444e-02  6.50808933e-03  9.47869815e-02 
 1.58489319e+01  6.69119259e-03  9.61959905e-02  6.69093158e-03  9.61030651e-02 
 1.60324539e+01  6.87999466e-03  9.75369472e-02  6.87973496e-03  9.74430522e-02 
 1.62181010e+01  7.07499517e-03  9.89024605e-02  7.07473724e-03  9.88075889e-02 
 1.64058977e+01  7.27644364e-03  1.00293201e-01  7.27618797e-03  1.00197346e-01 
 1.65958691e+01  7.48460210e-03  1.01709866e-01  7.48434922e-03  1.01613021e-01 
 1.67880402e+01  7.69974581e-03  1.03153180e-01  7.69949629e-03  1.03055338e-01 
 1.69824365e+01  7.92216411e-03  1.04623895e-01  7.92191858e-03  1.04525050e-01 
 1.71790839e+01  8.15216131e-03  1.06122796e-01  8.15192043e-03  1.06022941e-01 
 1.73780083e+01  8.39005757e-03  1.07650696e-01  8.38982206e-03  1.07549826e-01 
 1.75792361e+01  8.63618996e-03  1.09208445e-01  8.63596061e-03  1.09106553e-01 
 1.77827941e+01  8.89091353e-03  1.10796926e-01  8.89069117e-03  1.10694006e-01 
 1.79887092e+01  9.15460247e-03  1.12417059e-01  9.15438800e-03  1.12313106e-01 
 1.81970086e+01  9.42765137e-03  1.14069804e-01  9.42744576e-03  1.13964812e-01 
 1.84077200e+01  9.71047655e-03  1.15756160e-01  9.71028085e-03  1.15650125e-01 
 1.86208714e+01  1.00035175e-02  1.17477171e-01  1.00033329e-02  1.17370087e-01 
 1.88364909e+01  1.03072387e-02  1.19233925e-01  1.03070663e-02  1.19125788e-01 
 1.90546072e+01  1.06221307e-02  1.21027560e-01  1.06219719e-02  1.20918365e-01 
 1.92752491e+01  1.09487128e-02  1.22859261e-01  1.09485689e-02  1.22749005e-01 
 1.94984460e+01  1.12875343e-02  1.24730271e-01  1.12874068e-02  1.24618949e-01 
 1.97242274e+01  1.16391770e-02  1.26641885e-01  1.16390676e-02  1.26529495e-01 
 1.99526231e+01  1.20042574e-02  1.28595461e-01  1.20041679e-02  1.28481999e-01 
 2.01836636e+01  1.23834295e-02  1.30592417e-01  1.23833618e-02  1.30477882e-01 
 2.04173794e+01  1.27773872e-02  1.32634242e-01  1.27773432e-02  1.32518630e-01 
 2.06538016e+01  1.31868672e-02  1.34722490e-01  1.31868492e-02  1.34605801e-01 
 2.08929613e+01  1.36126528e-02  1.36858795e-01  1.36126631e-02  1.36741028e-01 
 2.11348904e+01  1.40555767e-02  1.39044867e-01  1.40556178e-02  1.38926021e-01 
 2.13796209e+01  1.45165254e-02  1.41282502e-01  1.45166001e-02  1.41162576e-01 
 2.16271852e+01  1.49964430e-02  1.43573583e-01  1.49965543e-02  1.43452579e-01 
 2.18776162e+01  1.54963362e-02  1.45920090e-01  1.54964872e-02  1.45798010e-01 
 2.21309471e+01  1.60172788e-02  1.48324103e-01  1.60174728e-02  1.48200948e-01 
 2.23872114e+01  1.65604173e-02  1.50787808e-01  1.65606582e-02  1.50663581e-01 
 2.26464431e+01  1.71269772e-02  1.53313506e-01  1.71272689e-02  1.53188212e-01 
 2.29086765e+01  1.77182693e-02  1.55903619e-01  1.77186160e-02  1.55777261e-01 
 2.31739465e+01  1.83356967e-02  1.58560696e-01  1.83361031e-02  1.58433281e-01 
 2.34422882e+01  1.89807633e-02  1.61287428e-01  1.89812344e-02  1.61158961e-01 
 2.37137371e+01  1.96550818e-02  1.64086647e-01  1.96556231e-02  1.63957137e-01 
 2.39883292e+01  2.03603840e-02  1.66961346e-01  2.03610013e-02  1.66830801e-01 
 2.42661010e+01  2.10985309e-02  1.69914684e-01  2.10992306e-02  1.69783115e-01 
 2.45470892e+01  2.18715247e-02  1.72949998e-01  2.18723135e-02  1.72817415e-01 
 2.48313311e+01  2.26815215e-02  1.76070815e-01  2.26824069e-02  1.75937232e-01 
 2.51188643e+01  2.35308459e-02  1.79280869e-01  2.35318360e-02  1.79146300e-01 
 2.54097271e+01  2.44220069e-02  1.82584112e-01  2.44231103e-02  1.82448572e-01 
 2.57039578e+01  2.53577155e-02  1.85984730e-01  2.53589417e-02  1.85848238e-01 
 2.60015956e+01  2.63409044e-02  1.89487160e-01  2.63422637e-02  1.89349736e-01 
 2.63026799e+01  2.73747501e-02  1.93096113e-01  2.73762536e-02  1.92957777e-01 
 2.66072506e+01  2.84626972e-02  1.96816584e-01  2.84643572e-02  1.96677361e-01 
 2.69153480e+01  2.96084862e-02  2.00653885e-01  2.96103158e-02  2.00513801e-01 
 2.72270131e+01  3.08161837e-02  2.04613660e-01  3.08181973e-02  2.04472743e-01 
 2.75422870e+01  3.20902173e-02  2.08701914e-01  3.20924305e-02  2.08560197e-01 
 2.78612117e+01  3.34354139e-02  2.12925042e-01  3.34378441e-02  2.12782558e-01 
 2.81838293e+01  3.48570440e-02  2.17289855e-01  3.48597096e-02  2.17146641e-01 
 2.85101827e+01  3.63608699e-02  2.21803616e-01  3.63637916e-02  2.21659713e-01 
 2.88403150e+01  3.79532023e-02  2.26474073e-01  3.79564023e-02  2.26329526e-01 
 2.91742701e+01  3.96409624e-02  2.31309499e-01  3.96444654e-02  2.31164356e-01 
 2.95120923e+01  4.14317542e-02  2.36318735e-01  4.14355870e-02  2.36173048e-01 
 2.98538262e+01  4.33339449e-02  2.41511229e-01  4.33381372e-02  2.41365056e-01 
 3.01995172e+01  4.53567582e-02  2.46897093e-01  4.53613426e-02  2.46750494e-01 
 3.05492111e+01  4.75103797e-02  2.52487149e-01  4.75153920e-02  2.52340192e-01 
 3.09029543e+01  4.98060778e-02  2.58292988e-01  4.98115575e-02  2.58145747e-01 
 3.12607937e+01  5.22563427e-02  2.64327033e-01  5.22623335e-02  2.64179587e-01 
 3.16227766e+01  5.48750461e-02  2.70602603e-01  5.48815964e-02  2.70455037e-01 
 3.19889511e+01  5.76776251e-02  2.77133981e-01  5.76847884e-02  2.76986389e-01 
 3.23593657e+01  6.06812944e-02  2.83936490e-01  6.06891303e-02  2.83788973e-01 
 3.27340695e+01  6.39052933e-02  2.91026571e-01  6.39138679e-02  2.90879240e-01 
 3.31131121e+01  6.73711709e-02  2.98421862e-01  6.73805578e-02  2.98274835e-01 
 3.34965439e+01  7.11031190e-02  3.06141282e-01  7.11134004e-02  3.05994690e-01 
 3.38844156e+01  7.51283611e-02  3.14205114e-01  7.51396289e-02  3.14059095e-01 
 3.42767787e+01  7.94776063e-02  3.22635081e-01  7.94899636e-02  3.22489790e-01 
 3.46736850e+01  8.41855833e-02  3.31454425e-01  8.41991459e-02  3.31310028e-01 
 3.50751874e+01  8.92916677e-02  3.40687969e-01  8.93065658e-02  3.40544644e-01 
 3.54813389e+01  9.48406222e-02  3.50362152e-01  9.48570026e-02  3.50220096e-01 
 3.58921935e+01  1.00883471e-01  3.60505050e-01  1.00901500e-01  3.60364475e-01 
 3.63078055e+01  1.07478540e-01  3.71146335e-01  1.07498406e-01  3.71007472e-01 
 3.67282300e+01  1.14692683e-01  3.82317179e-01  1.14714600e-01  3.82180279e-01 
 3.71535229e+01  1.22602756e-01  3.94050056e-01  1.22626968e-01  3.93915391e-01 
 3.75837404e+01  1.31297359e-01  4.06378408e-01  1.31324147e-01  4.06246272e-01 
 3.80189396e+01  1.40878932e-01  4.19336119e-01  1.40908614e-01  4.19206832e-01 
 3.84591782e+01  1.51466241e-01  4.32956719e-01  1.51499186e-01  4.32830626e-01 
 3.89045145e+01  1.63197368e-01  4.47272205e-01  1.63234001e-01  4.47149678e-01 
 3.93550075e+01  1.76233262e-01  4.62311330e-01  1.76274074e-01  4.62192770e-01 
 3.98107171e+01  1.90761971e-01  4.78097158e-01  1.90807533e-01  4.77982995e-01 
 4.02717034e+01  2.07003655e-01  4.94643577e-01  2.07054631e-01  4.94534268e-01 
 4.07380278e+01  2.25216467e-01  5.11950382e-01  2.25273634e-01  5.11846409e-01 
 4.12097519e+01  2.45703362e-01  5.29996354e-01  2.45767629e-01  5.29898222e-01 
 4.16869383e+01  2.68819831e-01  5.48729573e-01  2.68892268e-01  5.48637797e-01 
 4.21696503e+01  2.94982364e-01  5.68053897e-01  2.95064228e-01  5.67968993e-01 
 4.26579519e+01  3.24677190e-01  5.87810192e-01  3.24769969e-01  5.87732657e-01 
 4.31519077e+01  3.58468304e-01  6.07750430e-01  3.58573752e-01  6.07680708e-01 
 4.36515832e+01  3.97002886e-01  6.27502248e-01  3.97123076e-01  6.27440687e-01 
 4.41570447e+01  4.41010750e-01  6.46521132e-01  4.41148126e-01  6.46467919e-01 
 4.46683592e+01  4.91292067e-01  6.64027198e-01  4.91449499e-01  6.63982261e-01 
 4.51855944e+01  5.48683983e-01  6.78924301e-01  5.48864813e-01  6.78887176e-01 
 4.57088190e+01  6.13991615e-01  6.89701938e-01  6.14199688e-01  6.89671590e-01 
 4.62381021e+01  6.87862586e-01  6.94327152e-01  6.88102232e-01  6.94301729e-01 
 4.67735141e+01  7.70578474e-01  6.90147364e-01  7.70854412e-01  6.90123893e-01 
 4.73151259e+01  8.61736689e-01  6.73849220e-01  8.62053801e-01  6.73823251e-01 
 4.78630092e+01  9.59813447e-01  6.41553920e-01  9.60176344e-01  6.41519169e-01 
 4.84172368e+01  1.06165062e+00  5.89166832e-01  1.06206296e+00  5.89114922e-01 
 4.89778819e+01  1.16201273e+00  5.13106045e-01  1.16247627e+00  5.13026517e-01 
 4.95450191e+01  1.25350138e+00  4.11448446e-01  1.25401485e+00  4.11329259e-01 
 5.01187234e+01  1.32720080e+00  2.85290717e-01  1.32775898e+00  2.85119405e-01 
 5.06990708e+01  1.37428117e+00  1.39769639e-01  1.37487448e+00  1.39535067e-01 
 5.12861384e+01  1.38828118e+00 -1.60128778e-02  1.38889633e+00 -1.63185550e-02 
 5.18800039e+01  1.36715065e+00 -1.70583013e-01  1.36777230e+00 -1.70962879e-01 
 5.24807460e+01  1.31395863e+00 -3.12756503e-01  1.31457164e+00 -3.13208487e-01 
 5.30884444e+01  1.23584412e+00 -4.34164080e-01  1.23643559e+00 -4.34681766e-01 
 5.37031796e+01  1.14182866e+00 -5.30537455e-01  1.14238918e+00 -5.31111667e-01 
 5.43250331e+01  1.04061653e+00 -6.01504567e-01  1.04114041e+00 -6.02125089e-01 
 5.49540874e+01  9.39186434e-01 -6.49438784e-01  9.39671243e-01 -6.50095723e-01 
 5.55904257e+01  8.42324069e-01 -6.78108334e-01  8.42769843e-01 -6.78792947e-01 
 5.62341325e+01  7.52810761e-01 -6.91609571e-01  7.53219150e-01 -6.92314609e-01 
 5.68852931e+01  6.71899590e-01 -6.93723998e-01  6.72273167e-01 -6.94443724e-01 
 5.75439937e+01  5.99820727e-01 -6.87631582e-01  6.00162487e-01 -6.88361614e-01 
 5.82103218e+01  5.36195244e-01 -6.75851936e-01  5.36508273e-01 -6.76589022e-01 
 5.88843655e+01  4.80329101e-01 -6.60302245e-01  4.80616377e-01 -6.61044036e-01 
 5.95662144e+01  4.31402361e-01 -6.42399410e-01  4.31666651e-01 -6.43144252e-01 
 6.02559586e+01  3.88581069e-01 -6.23167239e-01  3.88824882e-01 -6.23914007e-01 
 6.09536897e+01  3.51077466e-01 -6.03331322e-01  3.51303041e-01 -6.04079287e-01 
 6.16595002e+01  3.18178047e-01 -5.83396213e-01  3.18387368e-01 -5.84144937e-01 
 6.23734835e+01  2.89252808e-01 -5.63705275e-01  2.89447619e-01 -5.64454533e-01 
 6.30957344e+01  2.63754190e-01 -5.44485714e-01  2.63936022e-01 -5.45235434e-01 
 6.38263486e+01  2.41210905e-01 -5.25881841e-01  2.41381097e-01 -5.26632065e-01 
 6.45654229e+01  2.21219641e-01 -5.07979343e-01  2.21379368e-01 -5.08730191e-01 
 6.53130553e+01  2.03436321e-01 -4.90822839e-01  2.03586613e-01 -4.91574485e-01 
 6.60693448e+01  1.87567752e-01 -4.74428510e-01  1.87709513e-01 -4.75181164e-01 
 6.68343918e+01  1.73364083e-01 -4.58793141e-01  1.73498109e-01 -4.59547041e-01 
 6.76082975e+01  1.60612175e-01 -4.43900581e-01  1.60739168e-01 -4.44655979e-01 
 6.83911647e+01  1.49129911e-01 -4.29726326e-01  1.49250491e-01 -4.30483481e-01 
 6.91830971e+01  1.38761348e-01 -4.16240755e-01  1.38876065e-01 -4.16999934e-01 
 6.99841996e+01  1.29372632e-01 -4.03411416e-01  1.29481975e-01 -4.04172882e-01 
 7.07945784e+01  1.20848569e-01 -3.91204603e-01  1.20952972e-01 -3.91968620e-01 
 7.16143410e+01  1.13089747e-01 -3.79586450e-01  1.13189599e-01 -3.80353277e-01 
 7.24435960e+01  1.06010132e-01 -3.68523660e-01  1.06105781e-01 -3.69293551e-01 
 7.32824533e+01  9.95350538e-02 -3.57983991e-01  9.96268122e-02 -3.58757195e-01 
 7.41310241e+01  9.35995197e-02 -3.47936553e-01  9.36876683e-02 -3.48713314e-01 
 7.49894209e+01  8.81467978e-02 -3.38351984e-01  8.82315899e-02 -3.39132538e-01 
 7.58577575e+01  8.31272284e-02 -3.29202533e-01  8.32088930e-02 -3.29987113e-01 
 7.67361489e+01  7.84972227e-02 -3.20462084e-01  7.85759670e-02 -3.21250914e-01 
 7.76247117e+01  7.42184166e-02 -3.12106137e-01  7.42944290e-02 -3.12899438e-01 
 7.85235635e+01  7.02569562e-02 -3.04111759e-01  7.03304076e-02 -3.04909744e-01 
 7.94328235e+01  6.65828900e-02 -2.96457521e-01  6.66539364e-02 -2.97260399e-01 
 8.03526122e+01  6.31696534e-02 -2.89123421e-01  6.32384372e-02 -2.89931397e-01 
 8.12830516e+01  5.99936285e-02 -2.82090805e-01  6.00602798e-02 -2.82904078e-01 
 8.22242650e+01  5.70337674e-02 -2.75342282e-01  5.70984054e-02 -2.76161048e-01 
 8.31763771e+01  5.42712702e-02 -2.68861643e-01  5.43340043e-02 -2.69686092e-01 
 8.41395142e+01  5.16893075e-02 -2.62633780e-01  5.17502380e-02 -2.63464100e-01 
 8.51138038e+01  4.92727815e-02 -2.56644609e-01  4.93320009e-02 -2.57480985e-01 
 8.60993752e+01  4.70081198e-02 -2.50880999e-01  4.70657132e-02 -2.51723612e-01 
 8.70963590e+01  4.48830966e-02 -2.45330699e-01  4.49391427e-02 -2.46179727e-01 
 8.81048873e+01  4.28866781e-02 -2.39982278e-01  4.29412492e-02 -2.40837896e-01 
 8.91250938e+01  4.10088868e-02 -2.34825061e-01  4.10620499e-02 -2.35687443e-01 
 9.01571138e+01  3.92406843e-02 -2.29849075e-01  3.92925015e-02 -2.30718391e-01 
 9.12010839e+01  3.75738684e-02 -2.25044997e-01  3.76243970e-02 -2.25921416e-01 
 9.22571427e+01  3.60009829e-02 -2.20404104e-01  3.60502762e-02 -2.21287794e-01 
 9.33254301e+01  3.45152384e-02 -2.15918234e-01  3.45633458e-02 -2.16809360e-01 
 9.44060876e+01  3.31104430e-02 -2.11579737e-01  3.31574102e-02 -2.12478464e-01 
 9.54992586e+01  3.17809404e-02 -2.07381446e-01  3.18268100e-02 -2.08287936e-01 
 9.66050879e+01  3.05215562e-02 -2.03316635e-01  3.05663678e-02 -2.04231051e-01 
 9.77237221e+01  2.93275497e-02 -1.99378990e-01  2.93713400e-02 -2.00301493e-01 
 9.88553095e+01  2.81945714e-02 -1.95562581e-01  2.82373744e-02 -1.96493331e-01 
 1.00000000e+02  2.71186251e-02 -1.91861833e-01  2.71604727e-02 -1.92800990e-01 
 1.01157945e+02  2.60960344e-02 -1.88271500e-01  2.61369560e-02 -1.89219223e-01 
 1.02329299e+02  2.51234125e-02 -1.84786643e-01  2.51634355e-02 -1.85743092e-01 
 1.03514217e+02  2.41976356e-02 -1.81402611e-01  2.42367856e-02 -1.82367943e-01 
 1.04712855e+02  2.33158190e-02 -1.78115018e-01  2.33541197e-02 -1.79089392e-01 
 1.05925373e+02  2.24752954e-02 -1.74919724e-01  2.25127688e-02 -1.75903299e-01 
 1.07151931e+02  2.16735958e-02 -1.71812824e-01  2.17102622e-02 -1.72805758e-01 
 1.08392691e+02  2.09084319e-02 -1.68790627e-01  2.09443103e-02 -1.69793079e-01 
 1.09647820e+02  2.01776809e-02 -1.65849643e-01  2.02127888e-02 -1.66861772e-01 
 1.10917482e+02  1.94793712e-02 -1.62986572e-01  1.95137249e-02 -1.64008537e-01 
 1.12201845e+02  1.88116699e-02 -1.60198289e-01  1.88452843e-02 -1.61230250e-01 
 1.13501082e+02  1.81728711e-02 -1.57481836e-01  1.82057599e-02 -1.58523953e-01 
 1.14815362e+02  1.75613854e-02 -1.54834406e-01  1.75935614e-02 -1.55886840e-01 
 1.16144861e+02  1.69757309e-02 -1.52253340e-01  1.70072058e-02 -1.53316252e-01 
 1.17489755e+02  1.64145246e-02 -1.49736114e-01  1.64453088e-02 -1.50809666e-01 
 1.18850223e+02  1.58764742e-02 -1.47280329e-01  1.59065775e-02 -1.48364685e-01 
 1.20226443e+02  1.53603714e-02 -1.44883709e-01  1.53898026e-02 -1.45979032e-01 
 1.21618600e+02  1.48650855e-02 -1.42544089e-01  1.48938524e-02 -1.43650544e-01 
 1.23026877e+02  1.43895571e-02 -1.40259408e-01  1.44176669e-02 -1.41377161e-01 
 1.24451461e+02  1.39327935e-02 -1.38027707e-01  1.39602524e-02 -1.39156925e-01 
 1.25892541e+02  1.34938630e-02 -1.35847119e-01  1.35206766e-02 -1.36987970e-01 
 1.27350308e+02  1.30718909e-02 -1.33715867e-01  1.30980639e-02 -1.34868519e-01 
 1.28824955e+02  1.26660552e-02 -1.31632253e-01  1.26915917e-02 -1.32796877e-01 
 1.30316678e+02  1.22755830e-02 -1.29594662e-01  1.23004863e-02 -1.30771430e-01 
 1.31825674e+02  1.18997467e-02 -1.27601551e-01  1.19240197e-02 -1.28790635e-01 
 1.33352143e+02  1.15378613e-02 -1.25651445e-01  1.15615061e-02 -1.26853021e-01 
 1.34896288e+02  1.11892811e-02 -1.23742938e-01  1.12122991e-02 -1.24957181e-01 
 1.36458314e+02  1.08533972e-02 -1.21874685e-01  1.08757894e-02 -1.23101772e-01 
 1.38038426e+02  1.05296349e-02 -1.20045399e-01  1.05514016e-02 -1.21285509e-01 
 1.39636836e+02  1.02174516e-02 -1.18253851e-01  1.02385925e-02 -1.19507164e-01 
 1.41253754e+02  9.91633433e-03 -1.16498862e-01  9.93684864e-03 -1.17765561e-01 
 1.42889396e+02  9.62579830e-03 -1.14779305e-01  9.64568465e-03 -1.16059574e-01 
 1.44543977e+02  9.34538466e-03 -1.13094100e-01  9.36464116e-03 -1.14388124e-01 
 1.46217717e+02  9.07465905e-03 -1.11442212e-01  9.09328328e-03 -1.12750179e-01 
 1.47910839e+02  8.81320998e-03 -1.09822647e-01  8.83119901e-03 -1.11144747e-01 
 1.49623566e+02  8.56064745e-03 -1.08234455e-01  8.57799784e-03 -1.09570878e-01 
 1.51356125e+02  8.31660157e-03 -1.06676722e-01  8.33330936e-03 -1.08027661e-01 
 1.53108746e+02  8.08072133e-03 -1.05148569e-01  8.09678208e-03 -1.06514220e-01 
 1.54881662e+02  7.85267349e-03 -1.03649156e-01  7.86808227e-03 -1.05029716e-01 
 1.56675107e+02  7.63214147e-03 -1.02177671e-01  7.64689286e-03 -1.03573340e-01 
 1.58489319e+02  7.41882439e-03 -1.00733338e-01  7.43291248e-03 -1.02144317e-01 
 1.60324539e+02  7.21243612e-03 -9.93154086e-02  7.22585451e-03 -1.00741901e-01 
 1.62181010e+02  7.01270443e-03 -9.79231621e-02  7.02544624e-03 -9.93653738e-02 
 1.64058977e+02  6.81937017e-03 -9.65559064e-02  6.83142806e-03 -9.80140461e-02 
 1.65958691e+02  6.63218657e-03 -9.52129746e-02  6.64355269e-03 -9.66872530e-02 
 1.67880402e+02  6.45091848e-03 -9.38937245e-02  6.46158451e-03 -9.53843548e-02 
 1.69824365e+02  6.27534172e-03 -9.25975375e-02  6.28529887e-03 -9.41047353e-02 
 1.71790839e+02  6.10524254e-03 -9.13238171e-02  6.11448151e-03 -9.28478005e-02 
 1.73780083e+02  5.94041695e-03 -9.00719886e-02  5.94892798e-03 -9.16129783e-02 
 1.75792361e+02  5.78067025e-03 -8.88414974e-02  5.78844308e-03 -9.03997167e-02 
 1.77827941e+02  5.62581651e-03 -8.76318085e-02  5.63284037e-03 -8.92074834e-02 
 1.79887092e+02  5.47567809e-03 -8.64424056e-02  5.48194174e-03 -8.80357649e-02 
 1.81970086e+02  5.33008520e-03 -8.52727901e-02  5.33557689e-03 -8.68840653e-02 
 1.84077200e+02  5.18887552e-03 -8.41224806e-02  5.19358299e-03 -8.57519062e-02 
 1.86208714e+02  5.05189376e-03 -8.29910119e-02  5.05580423e-03 -8.46388252e-02 
 1.88364909e+02  4.91899132e-03 -8.18779343e-02  4.92209150e-03 -8.35443756e-02 
 1.90546072e+02  4.79002595e-03 -8.07828133e-02  4.79230203e-03 -8.24681260e-02 
 1.92752491e+02  4.66486144e-03 -7.97052285e-02  4.66629907e-03 -8.14096590e-02 
 1.94984460e+02  4.54336728e-03 -7.86447733e-02  4.54395156e-03 -8.03685712e-02 
 1.97242274e+02  4.42541840e-03 -7.76010541e-02  4.42513389e-03 -7.93444723e-02 
 1.99526231e+02  4.31089489e-03 -7.65736899e-02  4.30972560e-03 -7.83369846e-02 
 2.01836636e+02  4.19968177e-03 -7.55623121e-02  4.19761112e-03 -7.73457426e-02 
 2.04173794e+02  4.09166870e-03 -7.45665632e-02  4.08867955e-03 -7.63703925e-02 
 2.06538016e+02  3.98674982e-03 -7.35860970e-02  3.98282444e-03 -7.54105916e-02 
 2.08929613e+02  3.88482349e-03 -7.26205781e-02  3.87994354e-03 -7.44660079e-02 
 2.11348904e+02  3.78579209e-03 -7.16696812e-02  3.77993863e-03 -7.35363198e-02 
 2.13796209e+02  3.68956188e-03 -7.07330907e-02  3.68271532e-03 -7.26212156e-02 
 2.16271852e+02  3.59604274e-03 -6.98105008e-02  3.58818289e-03 -7.17203929e-02 
 2.18776162e+02  3.50514808e-03 -6.89016144e-02  3.49625407e-03 -7.08335588e-02 
 2.21309471e+02  3.41679461e-03 -6.80061433e-02  3.40684493e-03 -6.99604289e-02 
 2.23872114e+02  3.33090227e-03 -6.71238077e-02  3.31987469e-03 -6.91007275e-02 
 2.26464431e+02  3.24739399e-03 -6.62543358e-02  3.23526562e-03 -6.82541868e-02 
 2.29086765e+02  3.16619563e-03 -6.53974635e-02  3.15294286e-03 -6.74205471e-02 
 2.31739465e+02  3.08723581e-03 -6.45529344e-02  3.07283430e-03 -6.65995560e-02 
 2.34422882e+02  3.01044583e-03 -6.37204990e-02  2.99487048e-03 -6.57909685e-02 
 2.37137371e+02  2.93575948e-03 -6.28999149e-02  2.91898444e-03 -6.49945467e-02 
 2.39883292e+02  2.86311302e-03 -6.20909462e-02  2.84511165e-03 -6.42100593e-02 
 2.42661010e+02  2.79244501e-03 -6.12933637e-02  2.77318987e-03 -6.34372815e-02 
 2.45470892e+02  2.72369624e-03 -6.05069440e-02  2.70315905e-03 -6.26759950e-02 
 2.48313311e+02  2.65680962e-03 -5.97314699e-02  2.63496126e-03 -6.19259872e-02 
 2.51188643e+02  2.59173010e-03 -5.89667300e-02  2.56854060e-03 -6.11870517e-02 
 2.54097271e+02  2.52840460e-03 -5.82125182e-02  2.50384308e-03 -6.04589876e-02 
 2.57039578e+02  2.46678191e-03 -5.74686339e-02  2.44081657e-03 -5.97415993e-02 
 2.60015956e+02  2.40681261e-03 -5.67348815e-02  2.37941071e-03 -5.90346966e-02 
 2.63026799e+02  2.34844901e-03 -5.60110706e-02  2.31957685e-03 -5.83380945e-02 
 2.66072506e+02  2.29164506e-03 -5.52970155e-02  2.26126795e-03 -5.76516127e-02 
 2.69153480e+02  2.23635634e-03 -5.45925349e-02  2.20443854e-03 -5.69750757e-02 
 2.72270131e+02  2.18253992e-03 -5.38974523e-02  2.14904466e-03 -5.63083127e-02 
 2.75422870e+02  2.13015434e-03 -5.32115954e-02  2.09504377e-03 -5.56511572e-02 
 2.78612117e+02  2.07915957e-03 -5.25347958e-02  2.04239470e-03 -5.50034471e-02 
 2.81838293e+02  2.02951693e-03 -5.18668896e-02  1.99105764e-03 -5.43650244e-02 
 2.85101827e+02  1.98118902e-03 -5.12077163e-02  1.94099401e-03 -5.37357351e-02 
 2.88403150e+02  1.93413973e-03 -5.05571196e-02  1.89216647e-03 -5.31154293e-02 
 2.91742701e+02  1.88833413e-03 -4.99149464e-02  1.84453885e-03 -5.25039606e-02 
 2.95120923e+02  1.84373848e-03 -4.92810475e-02  1.79807609e-03 -5.19011863e-02 
 2.98538262e+02  1.80032012e-03 -4.86552767e-02  1.75274423e-03 -5.13069676e-02 
 3.01995172e+02  1.75804752e-03 -4.80374914e-02  1.70851034e-03 -5.07211686e-02 
 3.05492111e+02  1.71689014e-03 -4.74275521e-02  1.66534248e-03 -5.01436572e-02 
 3.09029543e+02  1.67681849e-03 -4.68253222e-02  1.62320967e-03 -4.95743042e-02 
 3.12607937e+02  1.63780400e-03 -4.62306681e-02  1.58208186e-03 -4.90129838e-02 
 3.16227766e+02  1.59981908e-03 -4.56434594e-02  1.54192988e-03 -4.84595732e-02 
 3.19889511e+02  1.56283700e-03 -4.50635679e-02  1.50272540e-03 -4.79139524e-02 
 3.23593657e+02  1.52683193e-03 -4.44908686e-02  1.46444093e-03 -4.73760045e-02 
 3.27340695e+02  1.49177887e-03 -4.39252388e-02  1.42704974e-03 -4.68456153e-02 
 3.31131121e+02  1.45765363e-03 -4.33665583e-02  1.39052588e-03 -4.63226733e-02 
 3.34965439e+02  1.42443281e-03 -4.28147097e-02  1.35484410e-03 -4.58070697e-02 
 3.38844156e+02  1.39209377e-03 -4.22695774e-02  1.31997988e-03 -4.52986982e-02 
 3.42767787e+02  1.36061460e-03 -4.17310484e-02  1.28590935e-03 -4.47974551e-02 
 3.46736850e+02  1.32997412e-03 -4.11990120e-02  1.25260928e-03 -4.43032393e-02 
 3.50751874e+02  1.30015182e-03 -4.06733594e-02  1.22005707e-03 -4.38159517e-02 
 3.54813389e+02  1.27112785e-03 -4.01539838e-02  1.18823072e-03 -4.33354958e-02 
 3.58921935e+02  1.24288305e-03 -3.96407808e-02  1.15710880e-03 -4.28617774e-02 
 3.63078055e+02  1.21539885e-03 -3.91336475e-02  1.12667041e-03 -4.23947042e-02 
 3.67282300e+02  1.18865729e-03 -3.86324830e-02  1.09689520e-03 -4.19341866e-02 
 3.71535229e+02  1.16264104e-03 -3.81371884e-02  1.06776331e-03 -4.14801365e-02 
 3.75837404e+02  1.13733331e-03 -3.76476663e-02  1.03925538e-03 -4.10324683e-02 
 3.80189396e+02  1.11271788e-03 -3.71638211e-02  1.01135251e-03 -4.05910982e-02 
 3.84591782e+02  1.08877908e-03 -3.66855587e-02  9.84036240e-04 -4.01559446e-02 
 3.89045145e+02  1.06550176e-03 -3.62127869e-02  9.57288536e-04 -3.97269274e-02 
 3.93550075e+02  1.04287131e-03 -3.57454147e-02  9.31091781e-04 -3.93039690e-02 
 3.98107171e+02  1.02087359e-03 -3.52833527e-02  9.05428742e-04 -3.88869930e-02 
 4.02717034e+02  9.99494982e-04 -3.48265129e-02  8.80282563e-04 -3.84759254e-02 
 4.07380278e+02  9.78722327e-04 -3.43748087e-02  8.55636742e-04 -3.80706936e-02 
 4.12097519e+02  9.58542948e-04 -3.39281549e-02  8.31475114e-04 -3.76712268e-02 
 4.16869383e+02  9.38944620e-04 -3.34864674e-02  8.07781841e-04 -3.72774562e-02 
 4.21696503e+02  9.19915572e-04 -3.30496635e-02  7.84541389e-04 -3.68893143e-02 
 4.26579519e+02  9.01444469e-04 -3.26176616e-02  7.61738514e-04 -3.65067356e-02 
 4.31519077e+02  8.83520410e-04 -3.21903812e-02  7.39358248e-04 -3.61296559e-02 
 4.36515832e+02  8.66132919e-04 -3.17677431e-02  7.17385884e-04 -3.57580131e-02 
 4.41570447e+02  8.49271935e-04 -3.13496688e-02  6.95806956e-04 -3.53917461e-02 
 4.46683592e+02  8.32927809e-04 -3.09360813e-02  6.74607230e-04 -3.50307959e-02 
 4.51855944e+02  8.17091294e-04 -3.05269041e-02  6.53772684e-04 -3.46751047e-02 
 4.57088190e+02  8.01753546e-04 -3.01220618e-02  6.33289497e-04 -3.43246165e-02 
 4.62381021e+02  7.86906112e-04 -2.97214801e-02  6.13144031e-04 -3.39792766e-02 
 4.67735141e+02  7.72540930e-04 -2.93250853e-02  5.93322816e-04 -3.36390319e-02 
 4.73151259e+02  7.58650327e-04 -2.89328045e-02  5.73812537e-04 -3.33038309e-02 
 4.78630092e+02  7.45227011e-04 -2.85445656e-02  5.54600018e-04 -3.29736234e-02 
 4.84172368e+02  7.32264074e-04 -2.81602975e-02  5.35672208e-04 -3.26483608e-02 
 4.89778819e+02  7.19754984e-04 -2.77799293e-02  5.17016160e-04 -3.23279959e-02 
 4.95450191e+02  7.07693594e-04 -2.74033911e-02  4.98619024e-04 -3.20124832e-02 
 5.01187234e+02  6.96074130e-04 -2.70306134e-02  4.80468025e-04 -3.17017782e-02 
 5.06990708e+02  6.84891201e-04 -2.66615276e-02  4.62550448e-04 -3.13958383e-02 
 5.12861384e+02  6.74139794e-04 -2.62960651e-02  4.44853623e-04 -3.10946222e-02 
 5.18800039e+02  6.63815280e-04 -2.59341583e-02  4.27364906e-04 -3.07980900e-02 
 5.24807460e+02  6.53913415e-04 -2.55757396e-02  4.10071663e-04 -3.05062033e-02 
 5.30884444e+02  6.44430341e-04 -2.52207422e-02  3.92961254e-04 -3.02189252e-02 
 5.37031796e+02  6.35362595e-04 -2.48690993e-02  3.76021008e-04 -2.99362204e-02 
 5.43250331e+02  6.26707113e-04 -2.45207447e-02  3.59238211e-04 -2.96580549e-02 
 5.49540874e+02  6.18461232e-04 -2.41756123e-02  3.42600084e-04 -2.93843962e-02 
 5.55904257e+02  6.10622703e-04 -2.38336362e-02  3.26093758e-04 -2.91152134e-02 
 5.62341325e+02  6.03189697e-04 -2.34947508e-02  3.09706260e-04 -2.88504773e-02 
 5.68852931e+02  5.96160812e-04 -2.31588905e-02  2.93424483e-04 -2.85901599e-02 
 5.75439937e+02  5.89535089e-04 -2.28259900e-02  2.77235167e-04 -2.83342351e-02 
 5.82103218e+02  5.83312017e-04 -2.24959836e-02  2.61124875e-04 -2.80826781e-02 
 5.88843655e+02  5.77491554e-04 -2.21688061e-02  2.45079960e-04 -2.78354660e-02 
 5.95662144e+02  5.72074133e-04 -2.18443918e-02  2.29086546e-04 -2.75925775e-02 
 6.02559586e+02  5.67060686e-04 -2.15226751e-02  2.13130494e-04 -2.73539930e-02 
 6.09536897e+02  5.62452659e-04 -2.12035901e-02  1.97197370e-04 -2.71196944e-02 
 6.16595002e+02  5.58252030e-04 -2.08870708e-02  1.81272417e-04 -2.68896657e-02 
 6.23734835e+02  5.54461332e-04 -2.05730506e-02  1.65340515e-04 -2.66638926e-02 
 6.30957344e+02  5.51083679e-04 -2.02614628e-02  1.49386146e-04 -2.64423627e-02 
 6.38263486e+02  5.48122789e-04 -1.99522400e-02  1.33393357e-04 -2.62250654e-02 
 6.45654229e+02  5.45583013e-04 -1.96453146e-02  1.17345710e-04 -2.60119922e-02 
 6.53130553e+02  5.43469369e-04 -1.93406182e-02  1.01226247e-04 -2.58031367e-02 
 6.60693448e+02  5.41787573e-04 -1.90380816e-02  8.50174325e-05 -2.55984944e-02 
 6.68343918e+02  5.40544078e-04 -1.87376350e-02  6.87011040e-05 -2.53980634e-02 
 6.76082975e+02  5.39746114e-04 -1.84392077e-02  5.22584172e-05 -2.52018436e-02 
 6.83911647e+02  5.39401734e-04 -1.81427282e-02  3.56697838e-05 -2.50098376e-02 
 6.91830971e+02  5.39519863e-04 -1.78481238e-02  1.89148063e-05 -2.48220503e-02 
 6.99841996e+02  5.40110347e-04 -1.75553206e-02  1.97220707e-06 -2.46384893e-02 
 7.07945784e+02  5.41184019e-04 -1.72642435e-02 -1.51802481e-05 -2.44591646e-02 
 7.16143410e+02  5.42752756e-04 -1.69748162e-02 -3.25658332e-05 -2.42840893e-02 
 7.24435960e+02  5.44829552e-04 -1.66869605e-02 -5.02089517e-05 -2.41132793e-02 
 7.32824533e+02  5.47428595e-04 -1.64005971e-02 -6.81352351e-05 -2.39467536e-02 
 7.41310241e+02  5.50565349e-04 -1.61156443e-02 -8.63716489e-05 -2.37845343e-02 
 7.49894209e+02  5.54256645e-04 -1.58320190e-02 -1.04946609e-04 -2.36266469e-02 
 7.58577575e+02  5.58520788e-04 -1.55496356e-02 -1.23890110e-04 -2.34731207e-02 
 7.67361489e+02  5.63377658e-04 -1.52684066e-02 -1.43233859e-04 -2.33239885e-02 
 7.76247117e+02  5.68848841e-04 -1.49882416e-02 -1.63011433e-04 -2.31792871e-02 
 7.85235635e+02  5.74957756e-04 -1.47090479e-02 -1.83258441e-04 -2.30390575e-02 
 7.94328235e+02  5.81729807e-04 -1.44307297e-02 -2.04012709e-04 -2.29033451e-02 
 8.03526122e+02  5.89192542e-04 -1.41531882e-02 -2.25314478e-04 -2.27722001e-02 
 8.12830516e+02  5.97375835e-04 -1.38763212e-02 -2.47206623e-04 -2.26456776e-02 
 8.22242650e+02  6.06312082e-04 -1.36000228e-02 -2.69734902e-04 -2.25238379e-02 
 8.31763771e+02  6.16036421e-04 -1.33241832e-02 -2.92948217e-04 -2.24067471e-02 
 8.41395142e+02  6.26586974e-04 -1.30486882e-02 -3.16898913e-04 -2.22944771e-02 
 8.51138038e+02  6.38005117e-04 -1.27734193e-02 -3.41643109e-04 -2.21871063e-02 
 8.60993752e+02  6.50335778e-04 -1.24982528e-02 -3.67241056e-04 -2.20847199e-02 
 8.70963590e+02  6.63627769e-04 -1.22230596e-02 -3.93757543e-04 -2.19874104e-02 
 8.81048873e+02  6.77934155e-04 -1.19477048e-02 -4.21262347e-04 -2.18952781e-02 
 8.91250938e+02  6.93312670e-04 -1.16720473e-02 -4.49830733e-04 -2.18084315e-02 
 9.01571138e+02  7.09826174e-04 -1.13959391e-02 -4.79544009e-04 -2.17269884e-02 
 9.12010839e+02  7.27543168e-04 -1.11192247e-02 -5.10490156e-04 -2.16510759e-02 
 9.22571427e+02  7.46538377e-04 -1.08417408e-02 -5.42764518e-04 -2.15808317e-02 
 9.33254301e+02  7.66893392e-04 -1.05633153e-02 -5.76470594e-04 -2.15164046e-02 
 9.44060876e+02  7.88697405e-04 -1.02837665e-02 -6.11720914e-04 -2.14579554e-02 
 9.54992586e+02  8.12048028e-04 -1.00029027e-02 -6.48638032e-04 -2.14056579e-02 
 9.66050879e+02  8.37052219e-04 -9.72052087e-03 -6.87355646e-04 -2.13597000e-02 
 9.77237221e+02  8.63827337e-04 -9.43640607e-03 -7.28019861e-04 -2.13202847e-02 
 9.88553095e+02  8.92502326e-04 -9.15033001e-03 -7.70790626e-04 -2.12876316e-02 
 1.00000000e+03  9.23219069e-04 -8.86205011e-03 -8.15843358e-04 -2.12619781e-02 
 1.01157945e+03  9.56133925e-04 -8.57130812e-03 -8.63370796e-04 -2.12435810e-02 
 1.02329299e+03  9.91419482e-04 -8.27782871e-03 -9.13585114e-04 -2.12327181e-02 
 1.03514217e+03  1.02926657e-03 -7.98131795e-03 -9.66720332e-04 -2.12296903e-02 
 1.04712855e+03  1.06988654e-03 -7.68146151e-03 -1.02303508e-03 -2.12348233e-02 
 1.05925373e+03  1.11351393e-03 -7.37792281e-03 -1.08281580e-03 -2.12484702e-02 
 1.07151931e+03  1.16040950e-03 -7.07034091e-03 -1.14638036e-03 -2.12710137e-02 
 1.08392691e+03  1.21086375e-03 -6.75832822e-03 -1.21408232e-03 -2.13028691e-02 
 1.09647820e+03  1.26520097e-03 -6.44146790e-03 -1.28631581e-03 -2.13444872e-02 
 1.10917482e+03  1.32378399e-03 -6.11931113e-03 -1.36352123e-03 -2.13963574e-02 
 1.12201845e+03  1.38701969e-03 -5.79137398e-03 -1.44619184e-03 -2.14590120e-02 
 1.13501082e+03  1.45536541e-03 -5.45713403e-03 -1.53488151e-03 -2.15330296e-02 
 1.14815362e+03  1.52933651e-03 -5.11602666e-03 -1.63021377e-03 -2.16190396e-02 
 1.16144861e+03  1.60951523e-03 -4.76744100e-03 -1.73289245e-03 -2.17177274e-02 
 1.17489755e+03  1.69656111e-03 -4.41071553e-03 -1.84371427e-03 -2.18298394e-02 
 1.18850223e+03  1.79122341e-03 -4.04513328e-03 -1.96358362e-03 -2.19561884e-02 
 1.20226443e+03  1.89435577e-03 -3.66991676e-03 -2.09353026e-03 -2.20976602e-02 
 1.21618600e+03  2.00693368e-03 -3.28422253e-03 -2.23473030e-03 -2.22552194e-02 
 1.23026877e+03  2.13007546e-03 -2.88713556e-03 -2.38853133e-03 -2.24299167e-02 
 1.24451461e+03  2.26506735e-03 -2.47766357e-03 -2.55648255e-03 -2.26228949e-02 
 1.25892541e+03  2.41339377e-03 -2.05473139e-03 -2.74037109e-03 -2.28353963e-02 
 1.27350308e+03  2.57677390e-03 -1.61717592e-03 -2.94226590e-03 -2.30687679e-02 
 1.28824955e+03  2.75720613e-03 -1.16374203e-03 -3.16457102e-03 -2.33244664e-02 
 1.30316678e+03  2.95702206e-03 -6.93080379e-04 -3.41009044e-03 -2.36040606e-02 
 1.31825674e+03  3.17895267e-03 -2.03748166e-04 -3.68210737e-03 -2.39092303e-02 
 1.33352143e+03  3.42620937e-03  3.05785217e-04 -3.98448140e-03 -2.42417589e-02 
 1.34896288e+03  3.70258367e-03  8.37125103e-04 -4.32176802e-03 -2.46035177e-02 
 1.36458314e+03  4.01257014e-03  1.39192708e-03 -4.69936592e-03 -2.49964354e-02 
 1.38038426e+03  4.36151815e-03  1.97185538e-03 -5.12369879e-03 -2.54224485e-02 
 1.39636836e+03  4.75581947e-03  2.57851559e-03 -5.60244000e-03 -2.58834188e-02 
 1.41253754e+03  5.20313980e-03  3.21334915e-03 -6.14478976e-03 -2.63810067e-02 
 1.42889396e+03  5.71270356e-03  3.87747085e-03 -6.76181602e-03 -2.69164747e-02 
 1.44543977e+03  6.29564185e-03  4.57142212e-03 -7.46687060e-03 -2.74903903e-02 
 1.46217717e+03  6.96541206e-03  5.29479900e-03 -8.27609086e-03 -2.81021783e-02 
 1.47910839e+03  7.73829296e-03  6.04569545e-03 -9.20899107e-03 -2.87494505e-02 
 1.49623566e+03  8.63394672e-03  6.81987463e-03 -1.02891328e-02 -2.94270106e-02 
 1.51356125e+03  9.67601234e-03  7.60954300e-03 -1.15448316e-02 -3.01253809e-02 
 1.53108746e+03  1.08926415e-02  8.40155293e-03 -1.30097917e-02 -3.08286451e-02 
 1.54881662e+03  1.23167850e-02  9.17480189e-03 -1.47234392e-02 -3.15113286e-02 
 1.56675107e+03  1.39858527e-02  9.89655049e-03 -1.67304985e-02 -3.21339842e-02 
 1.58489319e+03  1.59400517e-02  1.05173973e-02 -1.90789786e-02 -3.26371738e-02 
 1.60324539e+03  1.82182058e-02  1.09648503e-02 -2.18151336e-02 -3.29337767e-02 
 1.62181010e+03  2.08491866e-02  1.11360732e-02 -2.49731571e-02 -3.29003276e-02 
 1.64058977e+03  2.38364694e-02  1.08918918e-02 -2.85566379e-02 -3.23698939e-02 
 1.65958691e+03  2.71336069e-02  1.00570026e-02 -3.25091506e-02 -3.11324273e-02 
 1.67880402e+03  3.06114739e-02  8.43538759e-03 -3.66750424e-02 -2.89533857e-02 
 1.69824365e+03  3.40266966e-02  5.85259962e-03 -4.07617513e-02 -2.56245694e-02 
 1.71790839e+03  3.70149182e-02  2.23051650e-03 -4.43320434e-02 -2.10537893e-02 
 1.73780083e+03  3.91421519e-02 -2.32379869e-03 -4.68659613e-02 -1.53712073e-02 
 1.75792361e+03  4.00283025e-02 -7.46948442e-03 -4.79091447e-02 -8.98711521e-03 
 1.77827941e+03  3.94976245e-02 -1.26859347e-02 -4.72530240e-02 -2.52648942e-03 
 1.79887092e+03  3.76594550e-02 -1.74303589e-02 -4.50309718e-02  3.36027928e-03 
 1.81970086e+03  3.48567298e-02 -2.13091400e-02 -4.16558533e-02  8.20265143e-03 
 1.84077200e+03  3.15230178e-02 -2.41600257e-02 -3.76482500e-02  1.18079005e-02 
 1.86208714e+03  2.80460638e-02 -2.60234657e-02 -3.34729494e-02  1.42261742e-02 
 1.88364909e+03  2.46989898e-02 -2.70575162e-02 -2.94568018e-02  1.56481668e-02 
 1.90546072e+03  2.16360689e-02 -2.74570179e-02 -2.57839891e-02  1.63081867e-02 
 1.92752491e+03  1.89208940e-02 -2.74036580e-02 -2.25300110e-02  1.64243908e-02 
 1.94984460e+03  1.65599809e-02 -2.70451944e-02 -1.97020659e-02  1.61740125e-02 
 1.97242274e+03  1.45294258e-02 -2.64925237e-02 -1.72710291e-02  1.56899567e-02 
 1.99526231e+03  1.27923114e-02 -2.58246980e-02 -1.51923034e-02  1.50668881e-02 
 2.01836636e+03  1.13086647e-02 -2.50960778e-02 -1.34177307e-02  1.43698502e-02 
 2.04173794e+03  1.00404980e-02 -2.43429984e-02 -1.19016085e-02  1.36422799e-02 
 2.06538016e+03  8.95395773e-03 -2.35891071e-02 -1.06032442e-02  1.29124165e-02 
 2.08929613e+03  8.01991975e-03 -2.28493269e-02 -9.48765335e-03  1.21980572e-02 
 2.11348904e+03  7.21382520e-03 -2.21326797e-02 -8.52534988e-03  1.15099417e-02 
 2.13796209e+03  6.51519430e-03 -2.14442477e-02 -7.69175569e-03  1.08541023e-02 
 2.16271852e+03  5.90704565e-03 -2.07865173e-02 -6.96649844e-03  1.02334730e-02 
 2.18776162e+03  5.37532945e-03 -2.01602896e-02 -6.33272813e-03  9.64897865e-03 
 2.21309471e+03  4.90842038e-03 -1.95652941e-02 -5.77650650e-03  9.10026922e-03 
 2.23872114e+03  4.49668392e-03 -1.90006004e-02 -5.28628522e-03  8.58621111e-03 
 2.26464431e+03  4.13211477e-03 -1.84648916e-02 -4.85247120e-03  8.10521406e-03 
 2.29086765e+03  3.80803993e-03 -1.79566458e-02 -4.46706978e-03  7.65544711e-03 
 2.31739465e+03  3.51887669e-03 -1.74742544e-02 -4.12339405e-03  7.23497960e-03 
 2.34422882e+03  3.25993647e-03 -1.70160981e-02 -3.81582927e-03  6.84187176e-03 
 2.37137371e+03  3.02726580e-03 -1.65805952e-02 -3.53964207e-03  6.47423133e-03 
 2.39883292e+03  2.81751764e-03 -1.61662297e-02 -3.29082591e-03  6.13024754e-03 
 2.42661010e+03  2.62784693e-03 -1.57715681e-02 -3.06597587e-03  5.80820995e-03 
 2.45470892e+03  2.45582565e-03 -1.53952664e-02 -2.86218674e-03  5.50651736e-03 
 2.48313311e+03  2.29937367e-03 -1.50360729e-02 -2.67697002e-03  5.22368016e-03 
 2.51188643e+03  2.15670210e-03 -1.46928266e-02 -2.50818608e-03  4.95831869e-03 
 2.54097271e+03  2.02626683e-03 -1.43644540e-02 -2.35398845e-03  4.70915892e-03 
 2.57039578e+03  1.90673029e-03 -1.40499646e-02 -2.21277794e-03  4.47502683e-03 
 2.60015956e+03  1.79692981e-03 -1.37484454e-02 -2.08316475e-03  4.25484196e-03 
 2.63026799e+03  1.69585136e-03 -1.34590553e-02 -1.96393702e-03  4.04761067e-03 
 2.66072506e+03  1.60260772e-03 -1.31810201e-02 -1.85403467e-03  3.85241949e-03 
 2.69153480e+03  1.51642024e-03 -1.29136268e-02 -1.75252749e-03  3.66842867e-03 
 2.72270131e+03  1.43660345e-03 -1.26562184e-02 -1.65859681e-03  3.49486601e-03 
 2.75422870e+03  1.36255222e-03 -1.24081896e-02 -1.57152005e-03  3.33102118e-03 
 2.78612117e+03  1.29373088e-03 -1.21689821e-02 -1.49065771e-03  3.17624031e-03 
 2.81838293e+03  1.22966392e-03 -1.19380805e-02 -1.41544225e-03  3.02992116e-03 
 2.85101827e+03  1.16992822e-03 -1.17150087e-02 -1.34536876e-03  2.89150857e-03 
 2.88403150e+03  1.11414630e-03 -1.14993266e-02 -1.27998692e-03  2.76049038e-03 
 2.91742701e+03  1.06198063e-03 -1.12906267e-02 -1.21889413e-03  2.63639367e-03 
 2.95120923e+03  1.01312866e-03 -1.10885315e-02 -1.16172965e-03  2.51878136e-03 
 2.98538262e+03  9.67318672e-04 -1.08926908e-02 -1.10816954e-03  2.40724913e-03 
 3.01995172e+03  9.24306037e-04 -1.07027796e-02 -1.05792225e-03  2.30142258e-03 
 3.05492111e+03  8.83870115e-04 -1.05184956e-02 -1.01072490e-03  2.20095472e-03 
 3.09029543e+03  8.45811488e-04 -1.03395576e-02 -9.66339934e-04  2.10552363e-03 
 3.12607937e+03  8.09949576e-04 -1.01657037e-02 -9.24552321e-04  2.01483039e-03 
 3.16227766e+03  7.76120556e-04 -9.99668968e-03 -8.85167026e-04  1.92859715e-03 
 3.19889511e+03  7.44175541e-04 -9.83228749e-03 -8.48006850e-04  1.84656542e-03 
 3.23593657e+03  7.13978986e-04 -9.67228408e-03 -8.12910520e-04  1.76849452e-03 
 3.27340695e+03  6.85407283e-04 -9.51648012e-03 -7.79731014e-04  1.69416011e-03 
 3.31131121e+03  6.58347530e-04 -9.36468897e-03 -7.48334085e-04  1.62335292e-03 
 3.34965439e+03  6.32696444e-04 -9.21673567e-03 -7.18596961e-04  1.55587756e-03 
 3.38844156e+03  6.08359392e-04 -9.07245606e-03 -6.90407194e-04  1.49155146e-03 
 3.42767787e+03  5.85249548e-04 -8.93169595e-03 -6.63661642e-04  1.43020386e-03 
 3.46736850e+03  5.63287128e-04 -8.79431039e-03 -6.38265566e-04  1.37167493e-03 
 3.50751874e+03  5.42398723e-04 -8.66016296e-03 -6.14131825e-04  1.31581496e-03 
 3.54813389e+03  5.22516697e-04 -8.52912518e-03 -5.91180161e-04  1.26248360e-03 
 3.58921935e+03  5.03578652e-04 -8.40107591e-03 -5.69336559e-04  1.21154917e-03 
 3.63078055e+03  4.85526950e-04 -8.27590085e-03 -5.48532676e-04  1.16288803e-03 
 3.67282300e+03  4.68308286e-04 -8.15349205e-03 -5.28705332e-04  1.11638404e-03 
 3.71535229e+03  4.51873303e-04 -8.03374745e-03 -5.09796047e-04  1.07192798e-03 
 3.75837404e+03  4.36176245e-04 -7.91657051e-03 -4.91750634e-04  1.02941710e-03 
 3.80189396e+03  4.21174649e-04 -7.80186980e-03 -4.74518824e-04  9.88754649e-04 
 3.84591782e+03  4.06829065e-04 -7.68955871e-03 -4.58053933e-04  9.49849490e-04 
 3.89045145e+03  3.93102802e-04 -7.57955505e-03 -4.42312563e-04  9.12615704e-04 
 3.93550075e+03  3.79961699e-04 -7.47178086e-03 -4.27254327e-04  8.76972240e-04 
 3.98107171e+03  3.67373922e-04 -7.36616205e-03 -4.12841604e-04  8.42842604e-04 
 4.02717034e+03  3.55309773e-04 -7.26262820e-03 -3.99039312e-04  8.10154549e-04 
 4.07380278e+03  3.43741520e-04 -7.16111233e-03 -3.85814712e-04  7.78839809e-04 
 4.12097519e+03  3.32643247e-04 -7.06155067e-03 -3.73137217e-04  7.48833837e-04 
 4.16869383e+03  3.21990709e-04 -6.96388244e-03 -3.60978230e-04  7.20075575e-04 
 4.21696503e+03  3.11761204e-04 -6.86804974e-03 -3.49310986e-04  6.92507230e-04 
 4.26579519e+03  3.01933459e-04 -6.77399730e-03 -3.38110418e-04  6.66074077e-04 
 4.31519077e+03  2.92487524e-04 -6.68167237e-03 -3.27353026e-04  6.40724265e-04 
 4.36515832e+03  2.83404669e-04 -6.59102455e-03 -3.17016765e-04  6.16408644e-04 
 4.41570447e+03  2.74667301e-04 -6.50200567e-03 -3.07080934e-04  5.93080604e-04 
 4.46683592e+03  2.66258879e-04 -6.41456966e-03 -2.97526082e-04  5.70695920e-04 
 4.51855944e+03  2.58163841e-04 -6.32867242e-03 -2.88333918e-04  5.49212615e-04 
 4.57088190e+03  2.50367534e-04 -6.24427170e-03 -2.79487228e-04  5.28590826e-04 
 4.62381021e+03  2.42856148e-04 -6.16132704e-03 -2.70969802e-04  5.08792680e-04 
 4.67735141e+03  2.35616666e-04 -6.07979963e-03 -2.62766363e-04  4.89782184e-04 
 4.73151259e+03  2.28636801e-04 -5.99965224e-03 -2.54862503e-04  4.71525113e-04 
 4.78630092e+03  2.21904953e-04 -5.92084913e-03 -2.47244627e-04  4.53988916e-04 
 4.84172368e+03  2.15410161e-04 -5.84335596e-03 -2.39899895e-04  4.37142616e-04 
 4.89778819e+03  2.09142062e-04 -5.76713976e-03 -2.32816174e-04  4.20956728e-04 
 4.95450191e+03  2.03090851e-04 -5.69216881e-03 -2.25981993e-04  4.05403175e-04 
 5.01187234e+03  1.97247245e-04 -5.61841258e-03 -2.19386499e-04  3.90455209e-04 
 5.06990708e+03  1.91602453e-04 -5.54584170e-03 -2.13019415e-04  3.76087345e-04 
 5.12861384e+03  1.86148139e-04 -5.47442790e-03 -2.06871010e-04  3.62275287e-04 
 5.18800039e+03  1.80876401e-04 -5.40414392e-03 -2.00932057e-04  3.48995871e-04 
 5.24807460e+03  1.75779738e-04 -5.33496349e-03 -1.95193808e-04  3.36226998e-04 
 5.30884444e+03  1.70851028e-04 -5.26686127e-03 -1.89647961e-04  3.23947586e-04 
 5.37031796e+03  1.66083506e-04 -5.19981282e-03 -1.84286634e-04  3.12137512e-04 
 5.43250331e+03  1.61470742e-04 -5.13379454e-03 -1.79102341e-04  3.00777566e-04 
 5.49540874e+03  1.57006620e-04 -5.06878363e-03 -1.74087966e-04  2.89849400e-04 
 5.55904257e+03  1.52685321e-04 -5.00475807e-03 -1.69236742e-04  2.79335490e-04 
 5.62341325e+03  1.48501305e-04 -4.94169658e-03 -1.64542233e-04  2.69219091e-04 
 5.68852931e+03  1.44449296e-04 -4.87957857e-03 -1.59998310e-04  2.59484197e-04 
 5.75439937e+03  1.40524265e-04 -4.81838412e-03 -1.55599139e-04  2.50115508e-04 
 5.82103218e+03  1.36721420e-04 -4.75809397e-03 -1.51339159e-04  2.41098393e-04 
 5.88843655e+03  1.33036187e-04 -4.69868943e-03 -1.47213071e-04  2.32418858e-04 
 5.95662144e+03  1.29464203e-04 -4.64015244e-03 -1.43215820e-04  2.24063513e-04 
 6.02559586e+03  1.26001302e-04 -4.58246548e-03 -1.39342585e-04  2.16019547e-04 
 6.09536897e+03  1.22643504e-04 -4.52561155e-03 -1.35588762e-04  2.08274697e-04 
 6.16595002e+03  1.19387008e-04 -4.46957419e-03 -1.31949956e-04  2.00817222e-04 
 6.23734835e+03  1.16228179e-04 -4.41433743e-03 -1.28421968e-04  1.93635879e-04 
 6.30957344e+03  1.13163540e-04 -4.35988575e-03 -1.25000785e-04  1.86719902e-04 
 6.38263486e+03  1.10189764e-04 -4.30620409e-03 -1.21682570e-04  1.80058976e-04 
 6.45654229e+03  1.07303670e-04 -4.25327785e-03 -1.18463651e-04  1.73643216e-04 
 6.53130553e+03  1.04502208e-04 -4.20109280e-03 -1.15340518e-04  1.67463152e-04 
 6.60693448e+03  1.01782457e-04 -4.14963514e-03 -1.12309807e-04  1.61509704e-04 
 6.68343918e+03  9.91416208e-05 -4.09889146e-03 -1.09368299e-04  1.55774168e-04 
 6.76082975e+03  9.65770156e-05 -4.04884869e-03 -1.06512909e-04  1.50248197e-04 
 6.83911647e+03  9.40860691e-05 -3.99949415e-03 -1.03740681e-04  1.44923788e-04 
 6.91830971e+03  9.16663135e-05 -3.95081547e-03 -1.01048782e-04  1.39793262e-04 
 6.99841996e+03  8.93153801e-05 -3.90280062e-03 -9.84344932e-05  1.34849252e-04 
 7.07945784e+03  8.70309953e-05 -3.85543788e-03 -9.58952069e-05  1.30084691e-04 
 7.16143410e+03  8.48109755e-05 -3.80871586e-03 -9.34284207e-05  1.25492796e-04 
 7.24435960e+03  8.26532229e-05 -3.76262344e-03 -9.10317321e-05  1.21067055e-04 
 7.32824533e+03  8.05557217e-05 -3.71714977e-03 -8.87028337e-05  1.16801217e-04 
 7.41310241e+03  7.85165339e-05 -3.67228430e-03 -8.64395091e-05  1.12689283e-04 
 7.49894209e+03  7.65337960e-05 -3.62801673e-03 -8.42396280e-05  1.08725488e-04 
 7.58577575e+03  7.46057156e-05 -3.58433701e-03 -8.21011429e-05  1.04904299e-04 
 7.67361489e+03  7.27305678e-05 -3.54123534e-03 -8.00220847e-05  1.01220398e-04 
 7.76247117e+03  7.09066926e-05 -3.49870216e-03 -7.80005596e-05  9.76686803e-05 
 7.85235635e+03  6.91324915e-05 -3.45672812e-03 -7.60347452e-05  9.42442374e-05 
 7.94328235e+03  6.74064254e-05 -3.41530411e-03 -7.41228878e-05  9.09423547e-05 
 8.03526122e+03  6.57270114e-05 -3.37442122e-03 -7.22632987e-05  8.77585006e-05 
 8.12830516e+03  6.40928206e-05 -3.33407075e-03 -7.04543520e-05  8.46883199e-05 
 8.22242650e+03  6.25024758e-05 -3.29424420e-03 -6.86944814e-05  8.17276258e-05 
 8.31763771e+03  6.09546489e-05 -3.25493326e-03 -6.69821777e-05  7.88723935e-05 
 8.41395142e+03  5.94480594e-05 -3.21612981e-03 -6.53159863e-05  7.61187528e-05 
 8.51138038e+03  5.79814721e-05 -3.17782590e-03 -6.36945050e-05  7.34629825e-05 
 8.60993752e+03  5.65536948e-05 -3.14001377e-03 -6.21163814e-05  7.09015037e-05 
 8.70963590e+03  5.51635772e-05 -3.10268581e-03 -6.05803113e-05  6.84308742e-05 
 8.81048873e+03  5.38100087e-05 -3.06583458e-03 -5.90850363e-05  6.60477831e-05 
 8.91250938e+03  5.24919169e-05 -3.02945281e-03 -5.76293420e-05  6.37490452e-05 
 9.01571138e+03  5.12082661e-05 -2.99353338e-03 -5.62120563e-05  6.15315961e-05 
 9.12010839e+03  4.99580556e-05 -2.95806930e-03 -5.48320472e-05  5.93924872e-05 
 9.22571427e+03  4.87403185e-05 -2.92305375e-03 -5.34882218e-05  5.73288812e-05 
 9.33254301e+03  4.75541203e-05 -2.88848003e-03 -5.21795244e-05  5.53380477e-05 
 9.44060876e+03  4.63985577e-05 -2.85434159e-03 -5.09049348e-05  5.34173586e-05 
 9.54992586e+03  4.52727571e-05 -2.82063201e-03 -4.96634673e-05  5.15642845e-05 
 9.66050879e+03  4.41758736e-05 -2.78734498e-03 -4.84541690e-05  4.97763904e-05 
 9.77237221e+03  4.31070900e-05 -2.75447435e-03 -4.72761188e-05  4.80513321e-05 
 9.88553095e+03  4.20656157e-05 -2.72201406e-03 -4.61284257e-05  4.63868530e-05 
 1.00000000e+04  4.10506854e-05 -2.68995818e-03 -4.50102281e-05  4.47807800e-05 
