 frequency       v(/u_vc)        v(/u_vc)        v(/u_d)         v(/u_d)        
 1.00000000e+01  2.36160200e-03  5.72217219e-02  2.36160200e-03  5.72217199e-02 
 1.01157945e+01  2.42097328e-03  5.79353010e-02  2.42097328e-03  5.79352990e-02 
 1.02329299e+01  2.48194543e-03  5.86590241e-02  2.48194543e-03  5.86590221e-02 
 1.03514217e+01  2.54456693e-03  5.93930804e-02  2.54456692e-03  5.93930783e-02 
 1.04712855e+01  2.60888800e-03  6.01376638e-02  2.60888800e-03  6.01376617e-02 
 1.05925373e+01  2.67496066e-03  6.08929740e-02  2.67496066e-03  6.08929718e-02 
 1.07151931e+01  2.74283882e-03  6.16592156e-02  2.74283881e-03  6.16592134e-02 
 1.08392691e+01  2.81257833e-03  6.24365991e-02  2.81257832e-03  6.24365969e-02 
 1.09647820e+01  2.88423710e-03  6.32253408e-02  2.88423710e-03  6.32253386e-02 
 1.10917482e+01  2.95787520e-03  6.40256630e-02  2.95787519e-03  6.40256608e-02 
 1.12201845e+01  3.03355490e-03  6.48377943e-02  3.03355489e-03  6.48377921e-02 
 1.13501082e+01  3.11134081e-03  6.56619699e-02  3.11134081e-03  6.56619676e-02 
 1.14815362e+01  3.19130001e-03  6.64984314e-02  3.19130001e-03  6.64984291e-02 
 1.16144861e+01  3.27350211e-03  6.73474280e-02  3.27350210e-03  6.73474256e-02 
 1.17489755e+01  3.35801937e-03  6.82092155e-02  3.35801937e-03  6.82092132e-02 
 1.18850223e+01  3.44492689e-03  6.90840579e-02  3.44492689e-03  6.90840555e-02 
 1.20226443e+01  3.53430265e-03  6.99722266e-02  3.53430265e-03  6.99722242e-02 
 1.21618600e+01  3.62622772e-03  7.08740013e-02  3.62622771e-03  7.08739989e-02 
 1.23026877e+01  3.72078635e-03  7.17896703e-02  3.72078635e-03  7.17896679e-02 
 1.24451461e+01  3.81806619e-03  7.27195307e-02  3.81806618e-03  7.27195282e-02 
 1.25892541e+01  3.91815837e-03  7.36638886e-02  3.91815836e-03  7.36638861e-02 
 1.27350308e+01  4.02115774e-03  7.46230598e-02  4.02115774e-03  7.46230573e-02 
 1.28824955e+01  4.12716303e-03  7.55973701e-02  4.12716303e-03  7.55973675e-02 
 1.30316678e+01  4.23627703e-03  7.65871555e-02  4.23627703e-03  7.65871529e-02 
 1.31825674e+01  4.34860680e-03  7.75927629e-02  4.34860680e-03  7.75927603e-02 
 1.33352143e+01  4.46426389e-03  7.86145503e-02  4.46426389e-03  7.86145477e-02 
 1.34896288e+01  4.58336458e-03  7.96528877e-02  4.58336457e-03  7.96528850e-02 
 1.36458314e+01  4.70603009e-03  8.07081568e-02  4.70603008e-03  8.07081541e-02 
 1.38038426e+01  4.83238686e-03  8.17807526e-02  4.83238686e-03  8.17807499e-02 
 1.39636836e+01  4.96256684e-03  8.28710830e-02  4.96256683e-03  8.28710802e-02 
 1.41253754e+01  5.09670773e-03  8.39795697e-02  5.09670772e-03  8.39795670e-02 
 1.42889396e+01  5.23495333e-03  8.51066492e-02  5.23495333e-03  8.51066464e-02 
 1.44543977e+01  5.37745386e-03  8.62527729e-02  5.37745385e-03  8.62527700e-02 
 1.46217717e+01  5.52436629e-03  8.74184078e-02  5.52436628e-03  8.74184049e-02 
 1.47910839e+01  5.67585471e-03  8.86040377e-02  5.67585471e-03  8.86040347e-02 
 1.49623566e+01  5.83209078e-03  8.98101633e-02  5.83209077e-03  8.98101604e-02 
 1.51356125e+01  5.99325404e-03  9.10373037e-02  5.99325404e-03  9.10373007e-02 
 1.53108746e+01  6.15953248e-03  9.22859964e-02  6.15953248e-03  9.22859934e-02 
 1.54881662e+01  6.33112293e-03  9.35567990e-02  6.33112292e-03  9.35567960e-02 
 1.56675107e+01  6.50823159e-03  9.48502895e-02  6.50823159e-03  9.48502865e-02 
 1.58489319e+01  6.69107460e-03  9.61670676e-02  6.69107460e-03  9.61670645e-02 
 1.60324539e+01  6.87987861e-03  9.75077557e-02  6.87987860e-03  9.75077526e-02 
 1.62181010e+01  7.07488135e-03  9.88729998e-02  7.07488135e-03  9.88729966e-02 
 1.64058977e+01  7.27633239e-03  1.00263471e-01  7.27633238e-03  1.00263468e-01 
 1.65958691e+01  7.48449375e-03  1.01679866e-01  7.48449375e-03  1.01679863e-01 
 1.67880402e+01  7.69964074e-03  1.03122909e-01  7.69964074e-03  1.03122906e-01 
 1.69824365e+01  7.92206273e-03  1.04593355e-01  7.92206273e-03  1.04593351e-01 
 1.71790839e+01  8.15206403e-03  1.06091985e-01  8.15206403e-03  1.06091981e-01 
 1.73780083e+01  8.38996486e-03  1.07619615e-01  8.38996486e-03  1.07619612e-01 
 1.75792361e+01  8.63610232e-03  1.09177095e-01  8.63610232e-03  1.09177091e-01 
 1.77827941e+01  8.89083148e-03  1.10765306e-01  8.89083148e-03  1.10765303e-01 
 1.79887092e+01  9.15452657e-03  1.12385171e-01  9.15452657e-03  1.12385167e-01 
 1.81970086e+01  9.42758222e-03  1.14037647e-01  9.42758222e-03  1.14037644e-01 
 1.84077200e+01  9.71041479e-03  1.15723736e-01  9.71041479e-03  1.15723733e-01 
 1.86208714e+01  1.00034639e-02  1.17444482e-01  1.00034639e-02  1.17444478e-01 
 1.88364909e+01  1.03071939e-02  1.19200971e-01  1.03071939e-02  1.19200968e-01 
 1.90546072e+01  1.06220955e-02  1.20994343e-01  1.06220955e-02  1.20994339e-01 
 1.92752491e+01  1.09486881e-02  1.22825783e-01  1.09486881e-02  1.22825780e-01 
 1.94984460e+01  1.12875209e-02  1.24696533e-01  1.12875209e-02  1.24696530e-01 
 1.97242274e+01  1.16391759e-02  1.26607891e-01  1.16391759e-02  1.26607887e-01 
 1.99526231e+01  1.20042697e-02  1.28561212e-01  1.20042697e-02  1.28561208e-01 
 2.01836636e+01  1.23834563e-02  1.30557917e-01  1.23834563e-02  1.30557913e-01 
 2.04173794e+01  1.27774296e-02  1.32599492e-01  1.27774296e-02  1.32599488e-01 
 2.06538016e+01  1.31869266e-02  1.34687495e-01  1.31869266e-02  1.34687491e-01 
 2.08929613e+01  1.36127304e-02  1.36823558e-01  1.36127304e-02  1.36823555e-01 
 2.11348904e+01  1.40556740e-02  1.39009393e-01  1.40556740e-02  1.39009389e-01 
 2.13796209e+01  1.45166440e-02  1.41246794e-01  1.45166440e-02  1.41246790e-01 
 2.16271852e+01  1.49965846e-02  1.43537647e-01  1.49965846e-02  1.43537643e-01 
 2.18776162e+01  1.54965024e-02  1.45883930e-01  1.54965024e-02  1.45883926e-01 
 2.21309471e+01  1.60174716e-02  1.48287725e-01  1.60174716e-02  1.48287721e-01 
 2.23872114e+01  1.65606387e-02  1.50751218e-01  1.65606387e-02  1.50751214e-01 
 2.26464431e+01  1.71272294e-02  1.53276711e-01  1.71272294e-02  1.53276707e-01 
 2.29086765e+01  1.77185546e-02  1.55866625e-01  1.77185546e-02  1.55866621e-01 
 2.31739465e+01  1.83360176e-02  1.58523512e-01  1.83360176e-02  1.58523507e-01 
 2.34422882e+01  1.89811224e-02  1.61250060e-01  1.89811224e-02  1.61250056e-01 
 2.37137371e+01  1.96554821e-02  1.64049105e-01  1.96554821e-02  1.64049101e-01 
 2.39883292e+01  2.03608284e-02  1.66923639e-01  2.03608285e-02  1.66923635e-01 
 2.42661010e+01  2.10990228e-02  1.69876822e-01  2.10990228e-02  1.69876817e-01 
 2.45470892e+01  2.18720675e-02  1.72911990e-01  2.18720676e-02  1.72911986e-01 
 2.48313311e+01  2.26821191e-02  1.76032674e-01  2.26821191e-02  1.76032670e-01 
 2.51188643e+01  2.35315023e-02  1.79242607e-01  2.35315023e-02  1.79242603e-01 
 2.54097271e+01  2.44227264e-02  1.82545741e-01  2.44227264e-02  1.82545737e-01 
 2.57039578e+01  2.53585027e-02  1.85946264e-01  2.53585028e-02  1.85946260e-01 
 2.60015956e+01  2.63417643e-02  1.89448615e-01  2.63417644e-02  1.89448611e-01 
 2.63026799e+01  2.73756881e-02  1.93057503e-01  2.73756882e-02  1.93057498e-01 
 2.66072506e+01  2.84637191e-02  1.96777927e-01  2.84637192e-02  1.96777922e-01 
 2.69153480e+01  2.96095981e-02  2.00615197e-01  2.96095982e-02  2.00615193e-01 
 2.72270131e+01  3.08173923e-02  2.04574961e-01  3.08173923e-02  2.04574956e-01 
 2.75422870e+01  3.20915296e-02  2.08663224e-01  3.20915297e-02  2.08663220e-01 
 2.78612117e+01  3.34368377e-02  2.12886382e-01  3.34368378e-02  2.12886378e-01 
 2.81838293e+01  3.48585875e-02  2.17251248e-01  3.48585876e-02  2.17251244e-01 
 2.85101827e+01  3.63625419e-02  2.21765086e-01  3.63625420e-02  2.21765081e-01 
 2.88403150e+01  3.79550123e-02  2.26435646e-01  3.79550125e-02  2.26435641e-01 
 2.91742701e+01  3.96429208e-02  2.31271203e-01  3.96429209e-02  2.31271198e-01 
 2.95120923e+01  4.14338719e-02  2.36280597e-01  4.14338720e-02  2.36280593e-01 
 2.98538262e+01  4.33362338e-02  2.41473282e-01  4.33362340e-02  2.41473277e-01 
 3.01995172e+01  4.53592311e-02  2.46859369e-01  4.53592312e-02  2.46859364e-01 
 3.05492111e+01  4.75130502e-02  2.52449682e-01  4.75130503e-02  2.52449677e-01 
 3.09029543e+01  4.98089606e-02  2.58255816e-01  4.98089608e-02  2.58255811e-01 
 3.12607937e+01  5.22594538e-02  2.64290195e-01  5.22594540e-02  2.64290190e-01 
 3.16227766e+01  5.48784025e-02  2.70566140e-01  5.48784028e-02  2.70566135e-01 
 3.19889511e+01  5.76812451e-02  2.77097938e-01  5.76812454e-02  2.77097933e-01 
 3.23593657e+01  6.06851978e-02  2.83900914e-01  6.06851980e-02  2.83900909e-01 
 3.27340695e+01  6.39095011e-02  2.90991512e-01  6.39095014e-02  2.90991507e-01 
 3.31131121e+01  6.73757056e-02  2.98387373e-01  6.73757059e-02  2.98387368e-01 
 3.34965439e+01  7.11080049e-02  3.06107420e-01  7.11080053e-02  3.06107415e-01 
 3.38844156e+01  7.51336239e-02  3.14171937e-01  7.51336243e-02  3.14171932e-01 
 3.42767787e+01  7.94832736e-02  3.22602654e-01  7.94832741e-02  3.22602649e-01 
 3.46736850e+01  8.41916844e-02  3.31422816e-01  8.41916849e-02  3.31422811e-01 
 3.50751874e+01  8.92982335e-02  3.40657248e-01  8.92982340e-02  3.40657244e-01 
 3.54813389e+01  9.48476851e-02  3.50332397e-01  9.48476857e-02  3.50332392e-01 
 3.58921935e+01  1.00891066e-01  3.60476341e-01  1.00891066e-01  3.60476336e-01 
 3.63078055e+01  1.07486701e-01  3.71118758e-01  1.07486701e-01  3.71118754e-01 
 3.67282300e+01  1.14701447e-01  3.82290827e-01  1.14701448e-01  3.82290822e-01 
 3.71535229e+01  1.22612160e-01  3.94025027e-01  1.22612161e-01  3.94025022e-01 
 3.75837404e+01  1.31307440e-01  4.06354807e-01  1.31307441e-01  4.06354803e-01 
 3.80189396e+01  1.40889725e-01  4.19314060e-01  1.40889726e-01  4.19314055e-01 
 3.84591782e+01  1.51477781e-01  4.32936324e-01  1.51477782e-01  4.32936320e-01 
 3.89045145e+01  1.63209682e-01  4.47253606e-01  1.63209684e-01  4.47253602e-01 
 3.93550075e+01  1.76246373e-01  4.62294674e-01  1.76246374e-01  4.62294670e-01 
 3.98107171e+01  1.90775892e-01  4.78082608e-01  1.90775894e-01  4.78082604e-01 
 4.02717034e+01  2.07018386e-01  4.94631316e-01  2.07018388e-01  4.94631312e-01 
 4.07380278e+01  2.25231988e-01  5.11940620e-01  2.25231990e-01  5.11940617e-01 
 4.12097519e+01  2.45719630e-01  5.29989339e-01  2.45719632e-01  5.29989336e-01 
 4.16869383e+01  2.68836769e-01  5.48725600e-01  2.68836772e-01  5.48725597e-01 
 4.21696503e+01  2.94999855e-01  5.68053331e-01  2.94999858e-01  5.68053328e-01 
 4.26579519e+01  3.24695069e-01  5.87813496e-01  3.24695072e-01  5.87813493e-01 
 4.31519077e+01  3.58486349e-01  6.07758200e-01  3.58486352e-01  6.07758198e-01 
 4.36515832e+01  3.97020814e-01  6.27515275e-01  3.97020818e-01  6.27515273e-01 
 4.41570447e+01  4.41028231e-01  6.46540479e-01  4.41028235e-01  6.46540477e-01 
 4.46683592e+01  4.91308752e-01  6.64054308e-01  4.91308757e-01  6.64054307e-01 
 4.51855944e+01  5.48699581e-01  6.78961142e-01  5.48699587e-01  6.78961141e-01 
 4.57088190e+01  6.14006049e-01  6.89751179e-01  6.14006056e-01  6.89751179e-01 
 4.62381021e+01  6.87876266e-01  6.94392359e-01  6.87876274e-01  6.94392358e-01 
 4.67735141e+01  7.70592764e-01  6.90233157e-01  7.70592774e-01  6.90233156e-01 
 4.73151259e+01  8.61754624e-01  6.73961283e-01  8.61754634e-01  6.73961282e-01 
 4.78630092e+01  9.59840703e-01  6.41698659e-01  9.59840715e-01  6.41698658e-01 
 4.84172368e+01  1.06169662e+00  5.89350370e-01  1.06169663e+00  5.89350368e-01 
 4.89778819e+01  1.16209145e+00  5.13332280e-01  1.16209147e+00  5.13332277e-01 
 4.95450191e+01  1.25363107e+00  4.11716153e-01  1.25363108e+00  4.11716149e-01 
 5.01187234e+01  1.32740167e+00  2.85590422e-01  1.32740169e+00  2.85590416e-01 
 5.06990708e+01  1.37457076e+00  1.40081864e-01  1.37457078e+00  1.40081856e-01 
 5.12861384e+01  1.38866857e+00 -1.57161045e-02  1.38866859e+00 -1.57161146e-02 
 5.18800039e+01  1.36763219e+00 -1.70332864e-01  1.36763221e+00 -1.70332877e-01 
 5.24807460e+01  1.31451776e+00 -3.12580160e-01  1.31451778e+00 -3.12580175e-01 
 5.30884444e+01  1.23645554e+00 -4.34078981e-01  1.23645556e+00 -4.34078998e-01 
 5.37031796e+01  1.14246454e+00 -5.30549314e-01  1.14246456e+00 -5.30549333e-01 
 5.43250331e+01  1.04125193e+00 -6.01609044e-01  1.04125195e+00 -6.01609064e-01 
 5.49540874e+01  9.39802314e-01 -6.49625044e-01  9.39802331e-01 -6.49625066e-01 
 5.55904257e+01  8.42907902e-01 -6.78362659e-01  8.42907917e-01 -6.78362682e-01 
 5.62341325e+01  7.53355691e-01 -6.91918031e-01  7.53355705e-01 -6.91918055e-01 
 5.68852931e+01  6.72403008e-01 -6.94073994e-01  6.72403020e-01 -6.94074018e-01 
 5.75439937e+01  6.00282870e-01 -6.88012495e-01  6.00282881e-01 -6.88012519e-01 
 5.82103218e+01  5.36618063e-01 -6.76255226e-01  5.36618073e-01 -6.76255251e-01 
 5.88843655e+01  4.80715451e-01 -6.60721264e-01  4.80715460e-01 -6.60721289e-01 
 5.95662144e+01  4.31755466e-01 -6.42829099e-01  4.31755475e-01 -6.42829124e-01 
 6.02559586e+01  3.88904195e-01 -6.23603821e-01  3.88904203e-01 -6.23603846e-01 
 6.09536897e+01  3.51373736e-01 -6.03772020e-01  3.51373744e-01 -6.03772045e-01 
 6.16595002e+01  3.18450348e-01 -5.83839019e-01  3.18450355e-01 -5.83839044e-01 
 6.23734835e+01  2.89503750e-01 -5.64148761e-01  2.89503757e-01 -5.64148786e-01 
 6.30957344e+01  2.63986105e-01 -5.44928886e-01  2.63986111e-01 -5.44928911e-01 
 6.38263486e+01  2.41425855e-01 -5.26324034e-01  2.41425861e-01 -5.26324059e-01 
 6.45654229e+01  2.21419444e-01 -5.08420131e-01  2.21419450e-01 -5.08420156e-01 
 6.53130553e+01  2.03622574e-01 -4.91261974e-01  2.03622579e-01 -4.91261999e-01 
 6.60693448e+01  1.87741856e-01 -4.74865874e-01  1.87741861e-01 -4.74865899e-01 
 6.68343918e+01  1.73527268e-01 -4.59228711e-01  1.73527273e-01 -4.59228736e-01 
 6.76082975e+01  1.60765522e-01 -4.44334405e-01  1.60765526e-01 -4.44334430e-01 
 6.83911647e+01  1.49274369e-01 -4.30158497e-01  1.49274373e-01 -4.30158522e-01 
 6.91830971e+01  1.38897754e-01 -4.16671405e-01  1.38897758e-01 -4.16671430e-01 
 6.99841996e+01  1.29501726e-01 -4.03840697e-01  1.29501730e-01 -4.03840723e-01 
 7.07945784e+01  1.20971005e-01 -3.91632685e-01  1.20971009e-01 -3.91632710e-01 
 7.16143410e+01  1.13206105e-01 -3.80013511e-01  1.13206108e-01 -3.80013536e-01 
 7.24435960e+01  1.06120928e-01 -3.68949884e-01  1.06120931e-01 -3.68949909e-01 
 7.32824533e+01  9.96407484e-02 -3.58409563e-01  9.96407516e-02 -3.58409589e-01 
 7.41310241e+01  9.37005236e-02 -3.48361659e-01  9.37005267e-02 -3.48361685e-01 
 7.49894209e+01  8.82434791e-02 -3.38776807e-01  8.82434821e-02 -3.38776833e-01 
 7.58577575e+01  8.32199176e-02 -3.29627254e-01  8.32199205e-02 -3.29627281e-01 
 7.67361489e+01  7.85862173e-02 -3.20886880e-01  7.85862201e-02 -3.20886906e-01 
 7.76247117e+01  7.43039850e-02 -3.12531180e-01  7.43039877e-02 -3.12531206e-01 
 7.85235635e+01  7.03393408e-02 -3.04537216e-01  7.03393435e-02 -3.04537242e-01 
 7.94328235e+01  6.66623106e-02 -2.96883554e-01  6.66623132e-02 -2.96883581e-01 
 8.03526122e+01  6.32463096e-02 -2.89550189e-01  6.32463121e-02 -2.89550216e-01 
 8.12830516e+01  6.00677016e-02 -2.82518460e-01  6.00677041e-02 -2.82518488e-01 
 8.22242650e+01  5.71054230e-02 -2.75770973e-01  5.71054253e-02 -2.75771001e-01 
 8.31763771e+01  5.43406592e-02 -2.69291514e-01  5.43406615e-02 -2.69291542e-01 
 8.41395142e+01  5.17565681e-02 -2.63064971e-01  5.17565704e-02 -2.63064999e-01 
 8.51138038e+01  4.93380403e-02 -2.57077256e-01  4.93380425e-02 -2.57077283e-01 
 8.60993752e+01  4.70714930e-02 -2.51315232e-01  4.70714952e-02 -2.51315260e-01 
 8.70963590e+01  4.49446912e-02 -2.45766648e-01  4.49446933e-02 -2.45766676e-01 
 8.81048873e+01  4.29465924e-02 -2.40420066e-01  4.29465944e-02 -2.40420095e-01 
 8.91250938e+01  4.10672115e-02 -2.35264810e-01  4.10672135e-02 -2.35264838e-01 
 9.01571138e+01  3.92975032e-02 -2.30290903e-01  3.92975051e-02 -2.30290931e-01 
 9.12010839e+01  3.76292589e-02 -2.25489018e-01  3.76292609e-02 -2.25489048e-01 
 9.22571427e+01  3.60550168e-02 -2.20850433e-01  3.60550187e-02 -2.20850462e-01 
 9.33254301e+01  3.45679822e-02 -2.16366980e-01  3.45679841e-02 -2.16367009e-01 
 9.44060876e+01  3.31619583e-02 -2.12031009e-01  3.31619601e-02 -2.12031038e-01 
 9.54992586e+01  3.18312846e-02 -2.07835348e-01  3.18312864e-02 -2.07835378e-01 
 9.66050879e+01  3.05707826e-02 -2.03773272e-01  3.05707844e-02 -2.03773302e-01 
 9.77237221e+01  2.93757079e-02 -1.99838464e-01  2.93757097e-02 -1.99838494e-01 
 9.88553095e+01  2.82417077e-02 -1.96024992e-01  2.82417094e-02 -1.96025023e-01 
 1.00000000e+02  2.71647825e-02 -1.92327280e-01  2.71647842e-02 -1.92327311e-01 
 1.01157945e+02  2.61412532e-02 -1.88740080e-01  2.61412549e-02 -1.88740112e-01 
 1.02329299e+02  2.51677303e-02 -1.85258453e-01  2.51677319e-02 -1.85258485e-01 
 1.03514217e+02  2.42410875e-02 -1.81877746e-01  2.42410892e-02 -1.81877778e-01 
 1.04712855e+02  2.33584379e-02 -1.78593570e-01  2.33584395e-02 -1.78593603e-01 
 1.05925373e+02  2.25171121e-02 -1.75401788e-01  2.25171136e-02 -1.75401821e-01 
 1.07151931e+02  2.17146389e-02 -1.72298491e-01  2.17146404e-02 -1.72298524e-01 
 1.08392691e+02  2.09487284e-02 -1.69279988e-01  2.09487300e-02 -1.69280021e-01 
 1.09647820e+02  2.02172561e-02 -1.66342789e-01  2.02172577e-02 -1.66342823e-01 
 1.10917482e+02  1.95182489e-02 -1.63483593e-01  1.95182504e-02 -1.63483627e-01 
 1.12201845e+02  1.88498721e-02 -1.60699275e-01  1.88498736e-02 -1.60699309e-01 
 1.13501082e+02  1.82104185e-02 -1.57986874e-01  1.82104200e-02 -1.57986909e-01 
 1.14815362e+02  1.75982977e-02 -1.55343586e-01  1.75982991e-02 -1.55343621e-01 
 1.16144861e+02  1.70120263e-02 -1.52766750e-01  1.70120278e-02 -1.52766786e-01 
 1.17489755e+02  1.64502203e-02 -1.50253842e-01  1.64502217e-02 -1.50253877e-01 
 1.18850223e+02  1.59115861e-02 -1.47802463e-01  1.59115875e-02 -1.47802499e-01 
 1.20226443e+02  1.53949146e-02 -1.45410336e-01  1.53949160e-02 -1.45410373e-01 
 1.21618600e+02  1.48990741e-02 -1.43075297e-01  1.48990755e-02 -1.43075333e-01 
 1.23026877e+02  1.44230044e-02 -1.40795284e-01  1.44230057e-02 -1.40795321e-01 
 1.24451461e+02  1.39657117e-02 -1.38568340e-01  1.39657130e-02 -1.38568377e-01 
 1.25892541e+02  1.35262636e-02 -1.36392596e-01  1.35262649e-02 -1.36392633e-01 
 1.27350308e+02  1.31037846e-02 -1.34266274e-01  1.31037860e-02 -1.34266313e-01 
 1.28824955e+02  1.26974521e-02 -1.32187680e-01  1.26974534e-02 -1.32187719e-01 
 1.30316678e+02  1.23064924e-02 -1.30155197e-01  1.23064937e-02 -1.30155236e-01 
 1.31825674e+02  1.19301772e-02 -1.28167281e-01  1.19301785e-02 -1.28167321e-01 
 1.33352143e+02  1.15678210e-02 -1.26222461e-01  1.15678223e-02 -1.26222500e-01 
 1.34896288e+02  1.12187775e-02 -1.24319328e-01  1.12187788e-02 -1.24319368e-01 
 1.36458314e+02  1.08824371e-02 -1.22456537e-01  1.08824383e-02 -1.22456578e-01 
 1.38038426e+02  1.05582246e-02 -1.20632805e-01  1.05582259e-02 -1.20632846e-01 
 1.39636836e+02  1.02455968e-02 -1.18846899e-01  1.02455981e-02 -1.18846941e-01 
 1.41253754e+02  9.94404048e-03 -1.17097644e-01  9.94404172e-03 -1.17097686e-01 
 1.42889396e+02  9.65307009e-03 -1.15383913e-01  9.65307133e-03 -1.15383955e-01 
 1.44543977e+02  9.37222641e-03 -1.13704625e-01  9.37222764e-03 -1.13704668e-01 
 1.46217717e+02  9.10107462e-03 -1.12058746e-01  9.10107584e-03 -1.12058790e-01 
 1.47910839e+02  8.83920280e-03 -1.10445285e-01  8.83920401e-03 -1.10445329e-01 
 1.49623566e+02  8.58622050e-03 -1.08863289e-01  8.58622171e-03 -1.08863333e-01 
 1.51356125e+02  8.34175744e-03 -1.07311846e-01  8.34175864e-03 -1.07311891e-01 
 1.53108746e+02  8.10546221e-03 -1.05790080e-01  8.10546340e-03 -1.05790125e-01 
 1.54881662e+02  7.87700118e-03 -1.04297148e-01  7.87700236e-03 -1.04297193e-01 
 1.56675107e+02  7.65605738e-03 -1.02832242e-01  7.65605856e-03 -1.02832288e-01 
 1.58489319e+02  7.44232957e-03 -1.01394585e-01  7.44233074e-03 -1.01394631e-01 
 1.60324539e+02  7.23553125e-03 -9.99834289e-02  7.23553242e-03 -9.99834761e-02 
 1.62181010e+02  7.03538984e-03 -9.85980557e-02  7.03539100e-03 -9.85981034e-02 
 1.64058977e+02  6.84164586e-03 -9.72377732e-02  6.84164701e-03 -9.72378215e-02 
 1.65958691e+02  6.65405217e-03 -9.59019157e-02  6.65405332e-03 -9.59019644e-02 
 1.67880402e+02  6.47237329e-03 -9.45898418e-02  6.47237443e-03 -9.45898911e-02 
 1.69824365e+02  6.29638474e-03 -9.33009338e-02  6.29638587e-03 -9.33009836e-02 
 1.71790839e+02  6.12587240e-03 -9.20345965e-02  6.12587353e-03 -9.20346469e-02 
 1.73780083e+02  5.96063199e-03 -9.07902560e-02  5.96063311e-03 -9.07903069e-02 
 1.75792361e+02  5.80046848e-03 -8.95673588e-02  5.80046960e-03 -8.95674103e-02 
 1.77827941e+02  5.64519562e-03 -8.83653711e-02  5.64519673e-03 -8.83654232e-02 
 1.79887092e+02  5.49463546e-03 -8.71837777e-02  5.49463657e-03 -8.71838303e-02 
 1.81970086e+02  5.34861791e-03 -8.60220812e-02  5.34861901e-03 -8.60221344e-02 
 1.84077200e+02  5.20698032e-03 -8.48798012e-02  5.20698142e-03 -8.48798550e-02 
 1.86208714e+02  5.06956709e-03 -8.37564740e-02  5.06956819e-03 -8.37565283e-02 
 1.88364909e+02  4.93622933e-03 -8.26516510e-02  4.93623042e-03 -8.26517059e-02 
 1.90546072e+02  4.80682448e-03 -8.15648990e-02  4.80682556e-03 -8.15649545e-02 
 1.92752491e+02  4.68121600e-03 -8.04957989e-02  4.68121708e-03 -8.04958550e-02 
 1.94984460e+02  4.55927308e-03 -7.94439454e-02  4.55927415e-03 -7.94440022e-02 
 1.97242274e+02  4.44087033e-03 -7.84089464e-02  4.44087141e-03 -7.84090039e-02 
 1.99526231e+02  4.32588755e-03 -7.73904224e-02  4.32588862e-03 -7.73904805e-02 
 2.01836636e+02  4.21420943e-03 -7.63880060e-02  4.21421049e-03 -7.63880647e-02 
 2.04173794e+02  4.10572531e-03 -7.54013413e-02  4.10572637e-03 -7.54014007e-02 
 2.06538016e+02  4.00032903e-03 -7.44300837e-02  4.00033008e-03 -7.44301438e-02 
 2.08929613e+02  3.89791860e-03 -7.34738993e-02  3.89791965e-03 -7.34739600e-02 
 2.11348904e+02  3.79839610e-03 -7.25324642e-02  3.79839715e-03 -7.25325256e-02 
 2.13796209e+02  3.70166744e-03 -7.16054647e-02  3.70166848e-03 -7.16055268e-02 
 2.16271852e+02  3.60764218e-03 -7.06925965e-02  3.60764322e-03 -7.06926592e-02 
 2.18776162e+02  3.51623338e-03 -6.97935642e-02  3.51623442e-03 -6.97936276e-02 
 2.21309471e+02  3.42735743e-03 -6.89080814e-02  3.42735846e-03 -6.89081455e-02 
 2.23872114e+02  3.34093389e-03 -6.80358699e-02  3.34093492e-03 -6.80359348e-02 
 2.26464431e+02  3.25688536e-03 -6.71766599e-02  3.25688639e-03 -6.71767256e-02 
 2.29086765e+02  3.17513734e-03 -6.63301892e-02  3.17513837e-03 -6.63302556e-02 
 2.31739465e+02  3.09561809e-03 -6.54962031e-02  3.09561911e-03 -6.54962702e-02 
 2.34422882e+02  3.01825851e-03 -6.46744541e-02  3.01825953e-03 -6.46745219e-02 
 2.37137371e+02  2.94299204e-03 -6.38647018e-02  2.94299306e-03 -6.38647704e-02 
 2.39883292e+02  2.86975455e-03 -6.30667123e-02  2.86975556e-03 -6.30667817e-02 
 2.42661010e+02  2.79848418e-03 -6.22802585e-02  2.79848519e-03 -6.22803287e-02 
 2.45470892e+02  2.72912134e-03 -6.15051191e-02  2.72912235e-03 -6.15051901e-02 
 2.48313311e+02  2.66160853e-03 -6.07410791e-02  2.66160953e-03 -6.07411509e-02 
 2.51188643e+02  2.59589028e-03 -5.99879292e-02  2.59589127e-03 -5.99880018e-02 
 2.54097271e+02  2.53191307e-03 -5.92454656e-02  2.53191407e-03 -5.92455390e-02 
 2.57039578e+02  2.46962526e-03 -5.85134901e-02  2.46962625e-03 -5.85135643e-02 
 2.60015956e+02  2.40897696e-03 -5.77918094e-02  2.40897795e-03 -5.77918845e-02 
 2.63026799e+02  2.34992004e-03 -5.70802356e-02  2.34992103e-03 -5.70803115e-02 
 2.66072506e+02  2.29240799e-03 -5.63785852e-02  2.29240897e-03 -5.63786620e-02 
 2.69153480e+02  2.23639587e-03 -5.56866798e-02  2.23639685e-03 -5.56867575e-02 
 2.72270131e+02  2.18184027e-03 -5.50043453e-02  2.18184125e-03 -5.50044238e-02 
 2.75422870e+02  2.12869923e-03 -5.43314119e-02  2.12870020e-03 -5.43314913e-02 
 2.78612117e+02  2.07693218e-03 -5.36677143e-02  2.07693315e-03 -5.36677946e-02 
 2.81838293e+02  2.02649991e-03 -5.30130910e-02  2.02650087e-03 -5.30131722e-02 
 2.85101827e+02  1.97736447e-03 -5.23673846e-02  1.97736543e-03 -5.23674667e-02 
 2.88403150e+02  1.92948917e-03 -5.17304414e-02  1.92949013e-03 -5.17305245e-02 
 2.91742701e+02  1.88283851e-03 -5.11021117e-02  1.88283947e-03 -5.11021958e-02 
 2.95120923e+02  1.83737814e-03 -5.04822490e-02  1.83737909e-03 -5.04823340e-02 
 2.98538262e+02  1.79307479e-03 -4.98707105e-02  1.79307574e-03 -4.98707964e-02 
 3.01995172e+02  1.74989628e-03 -4.92673566e-02  1.74989723e-03 -4.92674435e-02 
 3.05492111e+02  1.70781143e-03 -4.86720510e-02  1.70781238e-03 -4.86721390e-02 
 3.09029543e+02  1.66679006e-03 -4.80846607e-02  1.66679100e-03 -4.80847497e-02 
 3.12607937e+02  1.62680292e-03 -4.75050556e-02  1.62680386e-03 -4.75051455e-02 
 3.16227766e+02  1.58782169e-03 -4.69331084e-02  1.58782262e-03 -4.69331994e-02 
 3.19889511e+02  1.54981890e-03 -4.63686950e-02  1.54981983e-03 -4.63687870e-02 
 3.23593657e+02  1.51276797e-03 -4.58116938e-02  1.51276890e-03 -4.58117868e-02 
 3.27340695e+02  1.47664309e-03 -4.52619860e-02  1.47664402e-03 -4.52620801e-02 
 3.31131121e+02  1.44141928e-03 -4.47194554e-02  1.44142020e-03 -4.47195506e-02 
 3.34965439e+02  1.40707229e-03 -4.41839884e-02  1.40707321e-03 -4.41840847e-02 
 3.38844156e+02  1.37357861e-03 -4.36554738e-02  1.37357952e-03 -4.36555712e-02 
 3.42767787e+02  1.34091544e-03 -4.31338027e-02  1.34091635e-03 -4.31339012e-02 
 3.46736850e+02  1.30906067e-03 -4.26188685e-02  1.30906157e-03 -4.26189681e-02 
 3.50751874e+02  1.27799282e-03 -4.21105671e-02  1.27799373e-03 -4.21106679e-02 
 3.54813389e+02  1.24769109e-03 -4.16087964e-02  1.24769199e-03 -4.16088983e-02 
 3.58921935e+02  1.21813524e-03 -4.11134563e-02  1.21813614e-03 -4.11135594e-02 
 3.63078055e+02  1.18930568e-03 -4.06244490e-02  1.18930657e-03 -4.06245532e-02 
 3.67282300e+02  1.16118335e-03 -4.01416786e-02  1.16118424e-03 -4.01417840e-02 
 3.71535229e+02  1.13374976e-03 -3.96650510e-02  1.13375065e-03 -3.96651577e-02 
 3.75837404e+02  1.10698696e-03 -3.91944744e-02  1.10698784e-03 -3.91945823e-02 
 3.80189396e+02  1.08087751e-03 -3.87298583e-02  1.08087839e-03 -3.87299675e-02 
 3.84591782e+02  1.05540447e-03 -3.82711145e-02  1.05540534e-03 -3.82712248e-02 
 3.89045145e+02  1.03055139e-03 -3.78181561e-02  1.03055226e-03 -3.78182677e-02 
 3.93550075e+02  1.00630228e-03 -3.73708981e-02  1.00630314e-03 -3.73710111e-02 
 3.98107171e+02  9.82641603e-04 -3.69292573e-02  9.82642466e-04 -3.69293715e-02 
 4.02717034e+02  9.59554276e-04 -3.64931519e-02  9.59555134e-04 -3.64932674e-02 
 4.07380278e+02  9.37025622e-04 -3.60625016e-02  9.37026477e-04 -3.60626184e-02 
 4.12097519e+02  9.15041383e-04 -3.56372277e-02  9.15042233e-04 -3.56373459e-02 
 4.16869383e+02  8.93587695e-04 -3.52172532e-02  8.93588541e-04 -3.52173728e-02 
 4.21696503e+02  8.72651082e-04 -3.48025022e-02  8.72651924e-04 -3.48026232e-02 
 4.26579519e+02  8.52218440e-04 -3.43929004e-02  8.52219277e-04 -3.43930228e-02 
 4.31519077e+02  8.32277024e-04 -3.39883749e-02  8.32277857e-04 -3.39884986e-02 
 4.36515832e+02  8.12814441e-04 -3.35888539e-02  8.12815270e-04 -3.35889790e-02 
 4.41570447e+02  7.93818638e-04 -3.31942671e-02  7.93819462e-04 -3.31943937e-02 
 4.46683592e+02  7.75277888e-04 -3.28045455e-02  7.75278707e-04 -3.28046735e-02 
 4.51855944e+02  7.57180785e-04 -3.24196212e-02  7.57181599e-04 -3.24197507e-02 
 4.57088190e+02  7.39516230e-04 -3.20394276e-02  7.39517040e-04 -3.20395586e-02 
 4.62381021e+02  7.22273425e-04 -3.16638992e-02  7.22274230e-04 -3.16640317e-02 
 4.67735141e+02  7.05441861e-04 -3.12929718e-02  7.05442661e-04 -3.12931059e-02 
 4.73151259e+02  6.89011312e-04 -3.09265822e-02  6.89012106e-04 -3.09267178e-02 
 4.78630092e+02  6.72971823e-04 -3.05646682e-02  6.72972613e-04 -3.05648053e-02 
 4.84172368e+02  6.57313708e-04 -3.02071689e-02  6.57314493e-04 -3.02073076e-02 
 4.89778819e+02  6.42027535e-04 -2.98540243e-02  6.42028314e-04 -2.98541646e-02 
 4.95450191e+02  6.27104122e-04 -2.95051754e-02  6.27104895e-04 -2.95053173e-02 
 5.01187234e+02  6.12534530e-04 -2.91605642e-02  6.12535298e-04 -2.91607078e-02 
 5.06990708e+02  5.98310055e-04 -2.88201338e-02  5.98310817e-04 -2.88202791e-02 
 5.12861384e+02  5.84422222e-04 -2.84838282e-02  5.84422978e-04 -2.84839751e-02 
 5.18800039e+02  5.70862776e-04 -2.81515922e-02  5.70863527e-04 -2.81517408e-02 
 5.24807460e+02  5.57623680e-04 -2.78233717e-02  5.57624425e-04 -2.78235219e-02 
 5.30884444e+02  5.44697104e-04 -2.74991132e-02  5.44697843e-04 -2.74992652e-02 
 5.37031796e+02  5.32075422e-04 -2.71787644e-02  5.32076154e-04 -2.71789182e-02 
 5.43250331e+02  5.19751204e-04 -2.68622737e-02  5.19751929e-04 -2.68624293e-02 
 5.49540874e+02  5.07717213e-04 -2.65495903e-02  5.07717933e-04 -2.65497477e-02 
 5.55904257e+02  4.95966400e-04 -2.62406643e-02  4.95967112e-04 -2.62408234e-02 
 5.62341325e+02  4.84491893e-04 -2.59354464e-02  4.84492598e-04 -2.59356074e-02 
 5.68852931e+02  4.73286999e-04 -2.56338883e-02  4.73287697e-04 -2.56340512e-02 
 5.75439937e+02  4.62345195e-04 -2.53359424e-02  4.62345887e-04 -2.53361072e-02 
 5.82103218e+02  4.51660125e-04 -2.50415619e-02  4.51660809e-04 -2.50417285e-02 
 5.88843655e+02  4.41225594e-04 -2.47507004e-02  4.41226271e-04 -2.47508690e-02 
 5.95662144e+02  4.31035564e-04 -2.44633127e-02  4.31036233e-04 -2.44634832e-02 
 6.02559586e+02  4.21084150e-04 -2.41793540e-02  4.21084812e-04 -2.41795264e-02 
 6.09536897e+02  4.11365617e-04 -2.38987802e-02  4.11366270e-04 -2.38989546e-02 
 6.16595002e+02  4.01874372e-04 -2.36215479e-02  4.01875018e-04 -2.36217244e-02 
 6.23734835e+02  3.92604965e-04 -2.33476145e-02  3.92605603e-04 -2.33477930e-02 
 6.30957344e+02  3.83552082e-04 -2.30769379e-02  3.83552711e-04 -2.30771184e-02 
 6.38263486e+02  3.74710542e-04 -2.28094765e-02  3.74711163e-04 -2.28096592e-02 
 6.45654229e+02  3.66075294e-04 -2.25451897e-02  3.66075905e-04 -2.25453744e-02 
 6.53130553e+02  3.57641411e-04 -2.22840371e-02  3.57642014e-04 -2.22842239e-02 
 6.60693448e+02  3.49404092e-04 -2.20259791e-02  3.49404686e-04 -2.20261681e-02 
 6.68343918e+02  3.41358653e-04 -2.17709768e-02  3.41359237e-04 -2.17711679e-02 
 6.76082975e+02  3.33500527e-04 -2.15189915e-02  3.33501101e-04 -2.15191849e-02 
 6.83911647e+02  3.25825259e-04 -2.12699855e-02  3.25825824e-04 -2.12701811e-02 
 6.91830971e+02  3.18328507e-04 -2.10239213e-02  3.18329062e-04 -2.10241192e-02 
 6.99841996e+02  3.11006033e-04 -2.07807622e-02  3.11006577e-04 -2.07809624e-02 
 7.07945784e+02  3.03853704e-04 -2.05404719e-02  3.03854238e-04 -2.05406743e-02 
 7.16143410e+02  2.96867491e-04 -2.03030145e-02  2.96868014e-04 -2.03032193e-02 
 7.24435960e+02  2.90043461e-04 -2.00683548e-02  2.90043973e-04 -2.00685620e-02 
 7.32824533e+02  2.83377779e-04 -1.98364582e-02  2.83378280e-04 -1.98366677e-02 
 7.41310241e+02  2.76866703e-04 -1.96072902e-02  2.76867193e-04 -1.96075022e-02 
 7.49894209e+02  2.70506584e-04 -1.93808172e-02  2.70507062e-04 -1.93810316e-02 
 7.58577575e+02  2.64293860e-04 -1.91570058e-02  2.64294326e-04 -1.91572227e-02 
 7.67361489e+02  2.58225057e-04 -1.89358232e-02  2.58225511e-04 -1.89360426e-02 
 7.76247117e+02  2.52296785e-04 -1.87172370e-02  2.52297227e-04 -1.87174589e-02 
 7.85235635e+02  2.46505738e-04 -1.85012152e-02  2.46506167e-04 -1.85014397e-02 
 7.94328235e+02  2.40848687e-04 -1.82877265e-02  2.40849103e-04 -1.82879536e-02 
 8.03526122e+02  2.35322485e-04 -1.80767396e-02  2.35322887e-04 -1.80769694e-02 
 8.12830516e+02  2.29924057e-04 -1.78682241e-02  2.29924446e-04 -1.78684565e-02 
 8.22242650e+02  2.24650406e-04 -1.76621496e-02  2.24650781e-04 -1.76623847e-02 
 8.31763771e+02  2.19498605e-04 -1.74584864e-02  2.19498966e-04 -1.74587242e-02 
 8.41395142e+02  2.14465799e-04 -1.72572051e-02  2.14466145e-04 -1.72574457e-02 
 8.51138038e+02  2.09549201e-04 -1.70582767e-02  2.09549532e-04 -1.70585201e-02 
 8.60993752e+02  2.04746091e-04 -1.68616726e-02  2.04746407e-04 -1.68619188e-02 
 8.70963590e+02  2.00053815e-04 -1.66673646e-02  2.00054115e-04 -1.66676135e-02 
 8.81048873e+02  1.95469780e-04 -1.64753247e-02  1.95470064e-04 -1.64755766e-02 
 8.91250938e+02  1.90991460e-04 -1.62855257e-02  1.90991727e-04 -1.62857804e-02 
 9.01571138e+02  1.86616384e-04 -1.60979402e-02  1.86616635e-04 -1.60981980e-02 
 9.12010839e+02  1.82342145e-04 -1.59125417e-02  1.82342379e-04 -1.59128024e-02 
 9.22571427e+02  1.78166390e-04 -1.57293037e-02  1.78166606e-04 -1.57295674e-02 
 9.33254301e+02  1.74086823e-04 -1.55482002e-02  1.74087021e-04 -1.55484670e-02 
 9.44060876e+02  1.70101203e-04 -1.53692055e-02  1.70101383e-04 -1.53694753e-02 
 9.54992586e+02  1.66207344e-04 -1.51922942e-02  1.66207505e-04 -1.51925671e-02 
 9.66050879e+02  1.62403108e-04 -1.50174413e-02  1.62403251e-04 -1.50177174e-02 
 9.77237221e+02  1.58686413e-04 -1.48446220e-02  1.58686535e-04 -1.48449013e-02 
 9.88553095e+02  1.55055221e-04 -1.46738121e-02  1.55055323e-04 -1.46740947e-02 
 1.00000000e+03  1.51507546e-04 -1.45049875e-02  1.51507627e-04 -1.45052733e-02 
 1.01157945e+03  1.48041447e-04 -1.43381243e-02  1.48041508e-04 -1.43384134e-02 
 1.02329299e+03  1.44655032e-04 -1.41731992e-02  1.44655071e-04 -1.41734916e-02 
 1.03514217e+03  1.41346450e-04 -1.40101890e-02  1.41346468e-04 -1.40104848e-02 
 1.04712855e+03  1.38113897e-04 -1.38490709e-02  1.38113891e-04 -1.38493701e-02 
 1.05925373e+03  1.34955608e-04 -1.36898223e-02  1.34955580e-04 -1.36901250e-02 
 1.07151931e+03  1.31869863e-04 -1.35324209e-02  1.31869811e-04 -1.35327272e-02 
 1.08392691e+03  1.28854980e-04 -1.33768449e-02  1.28854905e-04 -1.33771547e-02 
 1.09647820e+03  1.25909320e-04 -1.32230724e-02  1.25909219e-04 -1.32233858e-02 
 1.10917482e+03  1.23031278e-04 -1.30710821e-02  1.23031153e-04 -1.30713991e-02 
 1.12201845e+03  1.20219291e-04 -1.29208528e-02  1.20219140e-04 -1.29211734e-02 
 1.13501082e+03  1.17471831e-04 -1.27723636e-02  1.17471653e-04 -1.27726880e-02 
 1.14815362e+03  1.14787404e-04 -1.26255940e-02  1.14787199e-04 -1.26259221e-02 
 1.16144861e+03  1.12164555e-04 -1.24805235e-02  1.12164322e-04 -1.24808554e-02 
 1.17489755e+03  1.09601859e-04 -1.23371320e-02  1.09601599e-04 -1.23374677e-02 
 1.18850223e+03  1.07097928e-04 -1.21953998e-02  1.07097639e-04 -1.21957394e-02 
 1.20226443e+03  1.04651405e-04 -1.20553071e-02  1.04651086e-04 -1.20556506e-02 
 1.21618600e+03  1.02260963e-04 -1.19168347e-02  1.02260614e-04 -1.19171822e-02 
 1.23026877e+03  9.99253097e-05 -1.17799634e-02  9.99249292e-05 -1.17803149e-02 
 1.24451461e+03  9.76431799e-05 -1.16446743e-02  9.76427677e-05 -1.16450299e-02 
 1.25892541e+03  9.54133395e-05 -1.15109489e-02  9.54128948e-05 -1.15113086e-02 
 1.27350308e+03  9.32345828e-05 -1.13787687e-02  9.32341049e-05 -1.13791325e-02 
 1.28824955e+03  9.11057323e-05 -1.12481155e-02  9.11052205e-05 -1.12484835e-02 
 1.30316678e+03  8.90256380e-05 -1.11189713e-02  8.90250915e-05 -1.11193436e-02 
 1.31825674e+03  8.69931767e-05 -1.09913185e-02  8.69925946e-05 -1.09916951e-02 
 1.33352143e+03  8.50072513e-05 -1.08651394e-02  8.50066328e-05 -1.08655204e-02 
 1.34896288e+03  8.30667904e-05 -1.07404169e-02  8.30661346e-05 -1.07408023e-02 
 1.36458314e+03  8.11707473e-05 -1.06171338e-02  8.11700535e-05 -1.06175237e-02 
 1.38038426e+03  7.93181000e-05 -1.04952732e-02  7.93173671e-05 -1.04956676e-02 
 1.39636836e+03  7.75078499e-05 -1.03748185e-02  7.75070772e-05 -1.03752175e-02 
 1.41253754e+03  7.57390218e-05 -1.02557532e-02  7.57382083e-05 -1.02561568e-02 
 1.42889396e+03  7.40106632e-05 -1.01380611e-02  7.40098079e-05 -1.01384693e-02 
 1.44543977e+03  7.23218437e-05 -1.00217260e-02  7.23209457e-05 -1.00221389e-02 
 1.46217717e+03  7.06716543e-05 -9.90673208e-03  7.06707126e-05 -9.90714982e-03 
 1.47910839e+03  6.90592074e-05 -9.79306370e-03  6.90582210e-05 -9.79348627e-03 
 1.49623566e+03  6.74836358e-05 -9.68070534e-03  6.74826036e-05 -9.68113281e-03 
 1.51356125e+03  6.59440925e-05 -9.56964171e-03  6.59430134e-05 -9.57007412e-03 
 1.53108746e+03  6.44397499e-05 -9.45985770e-03  6.44386229e-05 -9.46029511e-03 
 1.54881662e+03  6.29697999e-05 -9.35133837e-03  6.29686238e-05 -9.35178084e-03 
 1.56675107e+03  6.15334528e-05 -9.24406896e-03  6.15322266e-05 -9.24451656e-03 
 1.58489319e+03  6.01299375e-05 -9.13803492e-03  6.01286599e-05 -9.13848770e-03 
 1.60324539e+03  5.87585005e-05 -9.03322183e-03  5.87571704e-05 -9.03367985e-03 
 1.62181010e+03  5.74184057e-05 -8.92961549e-03  5.74170219e-05 -8.93007881e-03 
 1.64058977e+03  5.61089343e-05 -8.82720183e-03  5.61074954e-05 -8.82767051e-03 
 1.65958691e+03  5.48293839e-05 -8.72596696e-03  5.48278887e-05 -8.72644107e-03 
 1.67880402e+03  5.35790682e-05 -8.62589719e-03  5.35775154e-05 -8.62637678e-03 
 1.69824365e+03  5.23573171e-05 -8.52697894e-03  5.23557054e-05 -8.52746409e-03 
 1.71790839e+03  5.11634757e-05 -8.42919884e-03  5.11618036e-05 -8.42968960e-03 
 1.73780083e+03  4.99969043e-05 -8.33254365e-03  4.99951705e-05 -8.33304009e-03 
 1.75792361e+03  4.88569780e-05 -8.23700031e-03  4.88551811e-05 -8.23750249e-03 
 1.77827941e+03  4.77430863e-05 -8.14255589e-03  4.77412248e-05 -8.14306389e-03 
 1.79887092e+03  4.66546328e-05 -8.04919764e-03  4.66527051e-05 -8.04971151e-03 
 1.81970086e+03  4.55910346e-05 -7.95691294e-03  4.55890393e-05 -7.95743277e-03 
 1.84077200e+03  4.45517227e-05 -7.86568935e-03  4.45496581e-05 -7.86621519e-03 
 1.86208714e+03  4.35361408e-05 -7.77551455e-03  4.35340054e-05 -7.77604648e-03 
 1.88364909e+03  4.25437457e-05 -7.68637637e-03  4.25415377e-05 -7.68691446e-03 
 1.90546072e+03  4.15740065e-05 -7.59826281e-03  4.15717243e-05 -7.59880712e-03 
 1.92752491e+03  4.06264046e-05 -7.51116197e-03  4.06240465e-05 -7.51171259e-03 
 1.94984460e+03  3.97004333e-05 -7.42506214e-03  3.96979975e-05 -7.42561912e-03 
 1.97242274e+03  3.87955977e-05 -7.33995170e-03  3.87930825e-05 -7.34051513e-03 
 1.99526231e+03  3.79114142e-05 -7.25581920e-03  3.79088176e-05 -7.25638916e-03 
 2.01836636e+03  3.70474102e-05 -7.17265333e-03  3.70447304e-05 -7.17322988e-03 
 2.04173794e+03  3.62031242e-05 -7.09044288e-03  3.62003592e-05 -7.09102611e-03 
 2.06538016e+03  3.53781052e-05 -7.00917681e-03  3.53752530e-05 -7.00976679e-03 
 2.08929613e+03  3.45719124e-05 -6.92884419e-03  3.45689710e-05 -6.92944099e-03 
 2.11348904e+03  3.37841154e-05 -6.84943421e-03  3.37810828e-05 -6.85003793e-03 
 2.13796209e+03  3.30142936e-05 -6.77093622e-03  3.30111676e-05 -6.77154692e-03 
 2.16271852e+03  3.22620360e-05 -6.69333966e-03  3.22588144e-05 -6.69395744e-03 
 2.18776162e+03  3.15269411e-05 -6.61663412e-03  3.15236217e-05 -6.61725905e-03 
 2.21309471e+03  3.08086166e-05 -6.54080930e-03  3.08051972e-05 -6.54144146e-03 
 2.23872114e+03  3.01066792e-05 -6.46585502e-03  3.01031573e-05 -6.46649450e-03 
 2.26464431e+03  2.94207544e-05 -6.39176123e-03  2.94171277e-05 -6.39240812e-03 
 2.29086765e+03  2.87504762e-05 -6.31851799e-03  2.87467424e-05 -6.31917236e-03 
 2.31739465e+03  2.80954873e-05 -6.24611548e-03  2.80916437e-05 -6.24677743e-03 
 2.34422882e+03  2.74554383e-05 -6.17454399e-03  2.74514824e-05 -6.17521360e-03 
 2.37137371e+03  2.68299878e-05 -6.10379393e-03  2.68259171e-05 -6.10447129e-03 
 2.39883292e+03  2.62188025e-05 -6.03385582e-03  2.62146142e-05 -6.03454102e-03 
 2.42661010e+03  2.56215565e-05 -5.96472028e-03  2.56172479e-05 -5.96541342e-03 
 2.45470892e+03  2.50379314e-05 -5.89637808e-03  2.50334997e-05 -5.89707923e-03 
 2.48313311e+03  2.44676163e-05 -5.82882004e-03  2.44630586e-05 -5.82952931e-03 
 2.51188643e+03  2.39103072e-05 -5.76203713e-03  2.39056206e-05 -5.76275461e-03 
 2.54097271e+03  2.33657071e-05 -5.69602041e-03  2.33608886e-05 -5.69674620e-03 
 2.57039578e+03  2.28335259e-05 -5.63076104e-03  2.28285725e-05 -5.63149524e-03 
 2.60015956e+03  2.23134801e-05 -5.56625031e-03  2.23083885e-05 -5.56699300e-03 
 2.63026799e+03  2.18052927e-05 -5.50247957e-03  2.18000598e-05 -5.50323086e-03 
 2.66072506e+03  2.13086930e-05 -5.43944030e-03  2.13033154e-05 -5.44020029e-03 
 2.69153480e+03  2.08234165e-05 -5.37712408e-03  2.08178909e-05 -5.37789287e-03 
 2.72270131e+03  2.03492049e-05 -5.31552257e-03  2.03435279e-05 -5.31630026e-03 
 2.75422870e+03  1.98858056e-05 -5.25462754e-03  1.98799736e-05 -5.25541424e-03 
 2.78612117e+03  1.94329720e-05 -5.19443086e-03  1.94269814e-05 -5.19522666e-03 
 2.81838293e+03  1.89904629e-05 -5.13492448e-03  1.89843100e-05 -5.13572949e-03 
 2.85101827e+03  1.85580428e-05 -5.07610045e-03  1.85517239e-05 -5.07691478e-03 
 2.88403150e+03  1.81354817e-05 -5.01795092e-03  1.81289928e-05 -5.01877468e-03 
 2.91742701e+03  1.77225545e-05 -4.96046813e-03  1.77158917e-05 -4.96130143e-03 
 2.95120923e+03  1.73190415e-05 -4.90364439e-03  1.73122009e-05 -4.90448734e-03 
 2.98538262e+03  1.69247281e-05 -4.84747214e-03  1.69177053e-05 -4.84832484e-03 
 3.01995172e+03  1.65394044e-05 -4.79194386e-03  1.65321953e-05 -4.79280644e-03 
 3.05492111e+03  1.61628654e-05 -4.73705215e-03  1.61554656e-05 -4.73792472e-03 
 3.09029543e+03  1.57949108e-05 -4.68278969e-03  1.57873159e-05 -4.68367236e-03 
 3.12607937e+03  1.54353448e-05 -4.62914923e-03  1.54275503e-05 -4.63004212e-03 
 3.16227766e+03  1.50839763e-05 -4.57612363e-03  1.50759775e-05 -4.57702686e-03 
 3.19889511e+03  1.47406183e-05 -4.52370581e-03  1.47324105e-05 -4.52461949e-03 
 3.23593657e+03  1.44050883e-05 -4.47188878e-03  1.43966665e-05 -4.47281304e-03 
 3.27340695e+03  1.40772077e-05 -4.42066564e-03  1.40685670e-05 -4.42160060e-03 
 3.31131121e+03  1.37568023e-05 -4.37002955e-03  1.37479376e-05 -4.37097534e-03 
 3.34965439e+03  1.34437016e-05 -4.31997377e-03  1.34346077e-05 -4.32093051e-03 
 3.38844156e+03  1.31377393e-05 -4.27049162e-03  1.31284107e-05 -4.27145944e-03 
 3.42767787e+03  1.28387525e-05 -4.22157652e-03  1.28291840e-05 -4.22255554e-03 
 3.46736850e+03  1.25465825e-05 -4.17322194e-03  1.25367683e-05 -4.17421230e-03 
 3.50751874e+03  1.22610738e-05 -4.12542144e-03  1.22510083e-05 -4.12642327e-03 
 3.54813389e+03  1.19820747e-05 -4.07816866e-03  1.19717520e-05 -4.07918208e-03 
 3.58921935e+03  1.17094370e-05 -4.03145730e-03  1.16988510e-05 -4.03248246e-03 
 3.63078055e+03  1.14430156e-05 -3.98528114e-03  1.14321603e-05 -3.98631817e-03 
 3.67282300e+03  1.11826691e-05 -3.93963403e-03  1.11715382e-05 -3.94068307e-03 
 3.71535229e+03  1.09282590e-05 -3.89450990e-03  1.09168460e-05 -3.89557108e-03 
 3.75837404e+03  1.06796501e-05 -3.84990273e-03  1.06679486e-05 -3.85097620e-03 
 3.80189396e+03  1.04367104e-05 -3.80580659e-03  1.04247136e-05 -3.80689249e-03 
 3.84591782e+03  1.01993108e-05 -3.76221561e-03  1.01870117e-05 -3.76331408e-03 
 3.89045145e+03  9.96732502e-06 -3.71912398e-03  9.95471672e-06 -3.72023517e-03 
 3.93550075e+03  9.74062995e-06 -3.67652598e-03  9.72770520e-06 -3.67765003e-03 
 3.98107171e+03  9.51910511e-06 -3.63441592e-03  9.50585653e-06 -3.63555300e-03 
 4.02717034e+03  9.30263280e-06 -3.59278822e-03  9.28905284e-06 -3.59393846e-03 
 4.07380278e+03  9.09109804e-06 -3.55163733e-03  9.07717898e-06 -3.55280089e-03 
 4.12097519e+03  8.88438844e-06 -3.51095778e-03  8.87012239e-06 -3.51213481e-03 
 4.16869383e+03  8.68239421e-06 -3.47074415e-03  8.66777308e-06 -3.47193481e-03 
 4.21696503e+03  8.48500806e-06 -3.43099110e-03  8.47002357e-06 -3.43219555e-03 
 4.26579519e+03  8.29212514e-06 -3.39169334e-03  8.27676883e-06 -3.39291173e-03 
 4.31519077e+03  8.10364301e-06 -3.35284564e-03  8.08790622e-06 -3.35407814e-03 
 4.36515832e+03  7.91946158e-06 -3.31444284e-03  7.90333543e-06 -3.31568961e-03 
 4.41570447e+03  7.73948301e-06 -3.27647983e-03  7.72295843e-06 -3.27774103e-03 
 4.46683592e+03  7.56361174e-06 -3.23895156e-03  7.54667945e-06 -3.24022737e-03 
 4.51855944e+03  7.39175436e-06 -3.20185304e-03  7.37440486e-06 -3.20314362e-03 
 4.57088190e+03  7.22381962e-06 -3.16517934e-03  7.20604319e-06 -3.16648487e-03 
 4.62381021e+03  7.05971835e-06 -3.12892559e-03  7.04150503e-06 -3.13024623e-03 
 4.67735141e+03  6.89936340e-06 -3.09308697e-03  6.88070301e-06 -3.09442290e-03 
 4.73151259e+03  6.74266963e-06 -3.05765871e-03  6.72355177e-06 -3.05901011e-03 
 4.78630092e+03  6.58955385e-06 -3.02263610e-03  6.56996784e-06 -3.02400315e-03 
 4.84172368e+03  6.43993476e-06 -2.98801449e-03  6.41986970e-06 -2.98939737e-03 
 4.89778819e+03  6.29373293e-06 -2.95378928e-03  6.27317765e-06 -2.95518817e-03 
 4.95450191e+03  6.15087074e-06 -2.91995592e-03  6.12981381e-06 -2.92137101e-03 
 5.01187234e+03  6.01127234e-06 -2.88650991e-03  5.98970207e-06 -2.88794139e-03 
 5.06990708e+03  5.87486363e-06 -2.85344682e-03  5.85276806e-06 -2.85489487e-03 
 5.12861384e+03  5.74157218e-06 -2.82076224e-03  5.71893907e-06 -2.82222706e-03 
 5.18800039e+03  5.61132725e-06 -2.78845184e-03  5.58814407e-06 -2.78993362e-03 
 5.24807460e+03  5.48405970e-06 -2.75651132e-03  5.46031363e-06 -2.75801025e-03 
 5.30884444e+03  5.35970197e-06 -2.72493644e-03  5.33537989e-06 -2.72645273e-03 
 5.37031796e+03  5.23818806e-06 -2.69372300e-03  5.21327653e-06 -2.69525685e-03 
 5.43250331e+03  5.11945345e-06 -2.66286687e-03  5.09393875e-06 -2.66441848e-03 
 5.49540874e+03  5.00343515e-06 -2.63236393e-03  4.97730321e-06 -2.63393351e-03 
 5.55904257e+03  4.89007155e-06 -2.60221015e-03  4.86330800e-06 -2.60379790e-03 
 5.62341325e+03  4.77930251e-06 -2.57240151e-03  4.75189261e-06 -2.57400765e-03 
 5.68852931e+03  4.67106923e-06 -2.54293405e-03  4.64299791e-06 -2.54455879e-03 
 5.75439937e+03  4.56531426e-06 -2.51380387e-03  4.53656611e-06 -2.51544742e-03 
 5.82103218e+03  4.46198149e-06 -2.48500709e-03  4.43254073e-06 -2.48666968e-03 
 5.88843655e+03  4.36101607e-06 -2.45653990e-03  4.33086656e-06 -2.45822174e-03 
 5.95662144e+03  4.26236442e-06 -2.42839850e-03  4.23148964e-06 -2.43009982e-03 
 6.02559586e+03  4.16597420e-06 -2.40057917e-03  4.13435723e-06 -2.40230019e-03 
 6.09536897e+03  4.07179424e-06 -2.37307821e-03  4.03941778e-06 -2.37481915e-03 
 6.16595002e+03  3.97977458e-06 -2.34589197e-03  3.94662093e-06 -2.34765307e-03 
 6.23734835e+03  3.88986638e-06 -2.31901684e-03  3.85591741e-06 -2.32079834e-03 
 6.30957344e+03  3.80202193e-06 -2.29244925e-03  3.76725911e-06 -2.29425138e-03 
 6.38263486e+03  3.71619463e-06 -2.26618568e-03  3.68059898e-06 -2.26800867e-03 
 6.45654229e+03  3.63233892e-06 -2.24022263e-03  3.59589103e-06 -2.24206674e-03 
 6.53130553e+03  3.55041033e-06 -2.21455667e-03  3.51309031e-06 -2.21642213e-03 
 6.60693448e+03  3.47036536e-06 -2.18918439e-03  3.43215290e-06 -2.19107145e-03 
 6.68343918e+03  3.39216157e-06 -2.16410241e-03  3.35303584e-06 -2.16601132e-03 
 6.76082975e+03  3.31575744e-06 -2.13930741e-03  3.27569716e-06 -2.14123843e-03 
 6.83911647e+03  3.24111245e-06 -2.11479610e-03  3.20009582e-06 -2.11674947e-03 
 6.91830971e+03  3.16818699e-06 -2.09056522e-03  3.12619171e-06 -2.09254122e-03 
 6.99841996e+03  3.09694237e-06 -2.06661156e-03  3.05394562e-06 -2.06861044e-03 
 7.07945784e+03  3.02734079e-06 -2.04293194e-03  2.98331922e-06 -2.04495397e-03 
 7.16143410e+03  2.95934533e-06 -2.01952322e-03  2.91427503e-06 -2.02156866e-03 
 7.24435960e+03  2.89291990e-06 -1.99638229e-03  2.84677643e-06 -1.99845142e-03 
 7.32824533e+03  2.82802929e-06 -1.97350608e-03  2.78078760e-06 -1.97559917e-03 
 7.41310241e+03  2.76463904e-06 -1.95089155e-03  2.71627354e-06 -1.95300888e-03 
 7.49894209e+03  2.70271555e-06 -1.92853571e-03  2.65320001e-06 -1.93067756e-03 
 7.58577575e+03  2.64222596e-06 -1.90643558e-03  2.59153356e-06 -1.90860223e-03 
 7.67361489e+03  2.58313818e-06 -1.88458824e-03  2.53124148e-06 -1.88677998e-03 
 7.76247117e+03  2.52542086e-06 -1.86299078e-03  2.47229176e-06 -1.86520791e-03 
 7.85235635e+03  2.46904339e-06 -1.84164034e-03  2.41465315e-06 -1.84388314e-03 
 7.94328235e+03  2.41397586e-06 -1.82053409e-03  2.35829506e-06 -1.82280287e-03 
 8.03526122e+03  2.36018907e-06 -1.79966923e-03  2.30318760e-06 -1.80196428e-03 
 8.12830516e+03  2.30765447e-06 -1.77904298e-03  2.24930153e-06 -1.78136461e-03 
 8.22242650e+03  2.25634421e-06 -1.75865262e-03  2.19660826e-06 -1.76100113e-03 
 8.31763771e+03  2.20623107e-06 -1.73849544e-03  2.14507985e-06 -1.74087114e-03 
 8.41395142e+03  2.15728846e-06 -1.71856875e-03  2.09468895e-06 -1.72097197e-03 
 8.51138038e+03  2.10949043e-06 -1.69886993e-03  2.04540884e-06 -1.70130098e-03 
 8.60993752e+03  2.06281162e-06 -1.67939635e-03  1.99721337e-06 -1.68185556e-03 
 8.70963590e+03  2.01722728e-06 -1.66014544e-03  1.95007698e-06 -1.66263312e-03 
 8.81048873e+03  1.97271323e-06 -1.64111463e-03  1.90397466e-06 -1.64363112e-03 
 8.91250938e+03  1.92924586e-06 -1.62230141e-03  1.85888195e-06 -1.62484704e-03 
 9.01571138e+03  1.88680211e-06 -1.60370327e-03  1.81477494e-06 -1.60627839e-03 
 9.12010839e+03  1.84535947e-06 -1.58531776e-03  1.77163023e-06 -1.58792270e-03 
 9.22571427e+03  1.80489597e-06 -1.56714243e-03  1.72942492e-06 -1.56977754e-03 
 9.33254301e+03  1.76539014e-06 -1.54917488e-03  1.68813664e-06 -1.55184050e-03 
 9.44060876e+03  1.72682104e-06 -1.53141271e-03  1.64774348e-06 -1.53410920e-03 
 9.54992586e+03  1.68916820e-06 -1.51385357e-03  1.60822401e-06 -1.51658130e-03 
 9.66050879e+03  1.65241167e-06 -1.49649514e-03  1.56955726e-06 -1.49925445e-03 
 9.77237221e+03  1.61653194e-06 -1.47933511e-03  1.53172273e-06 -1.48212638e-03 
 9.88553095e+03  1.58150999e-06 -1.46237121e-03  1.49470035e-06 -1.46519480e-03 
 1.00000000e+04  1.54732725e-06 -1.44560118e-03  1.45847047e-06 -1.44845748e-03 
